PMX Bone Weight
4.619379,13.67317,0.5583549,0.05514072,0.3351901,0.9405355,zxz_1_6,zxz_1_5,,,0.6719061,0.3280939,0,0,False,0,0,0,0,0,0,0,0,0
4.700786,13.61551,0.5741298,-0.04409741,0.3425585,0.938461,zxz_1_6,zxz_1_5,,,0.6412882,0.3587118,0,0,False,0,0,0,0,0,0,0,0,0
4.525803,13.64105,0.5736032,0.006229712,0.2113628,0.9773878,zxz_1_5,zxz_1_6,,,0.5382516,0.4617484,0,0,False,0,0,0,0,0,0,0,0,0
4.293075,13.66917,0.5577219,-0.08329877,0.1265798,0.9884528,zxz_0_5,zxz_0_6,,,0.8656344,0.1343656,0,0,False,0,0,0,0,0,0,0,0,0
4.56503,13.48613,0.6040787,-0.1242218,0.1498633,0.9808719,zxz_1_5,zxz_1_6,,,0.8518516,0.1481484,0,0,False,0,0,0,0,0,0,0,0,0
4.199173,13.65235,0.5517495,-0.1518969,0.01365292,0.9883021,zxz_0_5,zxz_0_6,,,1,0,0,0,False,0,0,0,0,0,0,0,0,0
4.134634,13.59323,0.5381445,-0.2420108,-0.1012215,0.9649792,zxz_0_5,zxz_0_4,,,0.7511659,0.2488341,0,0,False,0,0,0,0,0,0,0,0,0
4.465564,13.35465,0.5921631,-0.2351359,-0.02010977,0.9717544,zxz_1_5,zxz_1_4,,,0.6475783,0.3524217,0,0,False,0,0,0,0,0,0,0,0,0
4.118057,13.49023,0.5173919,-0.2771704,-0.1463389,0.9496112,zxz_0_4,zxz_0_5,,,0.6470649,0.3529351,0,0,False,0,0,0,0,0,0,0,0,0
4.429543,13.6436,0.5714673,-0.05867106,0.1537941,0.9863596,zxz_1_5,zxz_1_6,,,0.6605458,0.3394542,0,0,False,0,0,0,0,0,0,0,0,0
4.367074,13.23723,0.553809,-0.3415802,-0.1904592,0.9203523,zxz_1_4,zxz_1_5,,,0.834758,0.165242,0,0,False,0,0,0,0,0,0,0,0,0
4.173183,13.30133,0.4885077,-0.3890325,-0.2798521,0.8776882,zxz_1_4,zxz_1_3,,,0.9796252,0.02037483,0,0,False,0,0,0,0,0,0,0,0,0
4.158658,13.40016,0.5135837,-0.3401511,-0.2087415,0.9169101,zxz_0_4,zxz_0_5,,,0.8752307,0.1247693,0,0,False,0,0,0,0,0,0,0,0,0
4.30077,13.13017,0.4906404,-0.5146894,-0.4726287,0.715344,zxz_1_4,zxz_1_3,,,0.8288432,0.1711568,0,0,False,0,0,0,0,0,0,0,0,0
4.056517,13.5625,0.5089486,-0.2968607,-0.1424647,0.9442339,zxz_0_4,zxz_0_5,,,0.5326104,0.4673896,0,0,False,0,0,0,0,0,0,0,0,0
4.220802,12.99596,0.022021,-0.7064654,-0.7077466,0.001225935,zxz_1_2,zxz_1_3,,,0.5417944,0.4582056,0,0,False,0,0,0,0,0,0,0,0,0
4.232061,13.05433,0.295078,-0.667521,-0.6612924,0.3422105,zxz_1_3,zxz_1_4,,,0.7753047,0.2246953,0,0,False,0,0,0,0,0,0,0,0,0
4.49155,12.80195,0.3416724,-0.6749324,-0.6298152,0.3844467,zxz_2_3,zxz_2_4,,,0.7506309,0.2493691,0,0,False,0,0,0,0,0,0,0,0,0
4.473749,12.74899,0.022021,-0.7302402,-0.6831858,0.002505606,zxz_2_2,zxz_2_3,,,0.5233255,0.4766745,0,0,False,0,0,0,0,0,0,0,0,0
5.480108,13.15542,0.8463135,0.004631529,0.4939779,0.8694621,zxz_3_6,zxz_3_5,,,0.5000553,0.4999447,0,0,False,0,0,0,0,0,0,0,0,0
5.445301,13.11827,0.8618047,-0.1615691,0.310586,0.9367133,zxz_3_5,zxz_3_6,,,0.6075768,0.3924232,0,0,False,0,0,0,0,0,0,0,0,0
5.213727,13.26859,0.7775004,-0.1162766,0.3471937,0.930557,zxz_3_5,zxz_3_6,,,0.5399219,0.4600781,0,0,False,0,0,0,0,0,0,0,0,0
5.864726,13.57201,0.1993922,0.3185677,0.8959842,0.3093977,zxz_3_7,zxz_3_8,,,0.7883865,0.2116135,0,0,False,0,0,0,0,0,0,0,0,0
5.454441,13.68652,0.304166,0.2690876,0.8865782,0.3762596,zxz_3_7,zxz_3_6,,,0.8862337,0.1137663,0,0,False,0,0,0,0,0,0,0,0,0
5.486364,13.75825,0.02348063,0.2794813,0.9601268,0.006864916,zxz_2_8,zxz_2_7,,,0.5841141,0.4158859,0,0,False,0,0,0,0,0,0,0,0,0
4.577683,12.93773,0.5527879,-0.5210197,-0.419583,0.7432959,zxz_2_4,zxz_2_3,,,0.8577045,0.1422955,0,0,False,0,0,0,0,0,0,0,0,0
4.669139,13.08363,0.6440472,-0.3715831,-0.1306451,0.9191615,zxz_2_4,zxz_2_5,,,0.6416066,0.3583934,0,0,False,0,0,0,0,0,0,0,0,0
5.048818,13.70295,0.478469,0.1855679,0.7915788,0.5822095,zxz_2_6,zxz_2_7,,,0.6648908,0.3351092,0,0,False,0,0,0,0,0,0,0,0,0
4.975576,13.58364,0.6125993,0.05161734,0.5676727,0.8216346,zxz_2_6,zxz_2_5,,,0.875747,0.124253,0,0,False,0,0,0,0,0,0,0,0,0
4.846324,13.73573,0.4884259,0.1612175,0.7143645,0.6809497,zxz_1_6,zxz_1_7,,,0.8525142,0.1474858,0,0,False,0,0,0,0,0,0,0,0,0
4.926705,13.75741,0.4352707,0.1654997,0.8166502,0.5528944,zxz_1_6,zxz_1_7,,,0.6318955,0.3681045,0,0,False,0,0,0,0,0,0,0,0,0
4.720638,12.56532,0.371788,-0.6837187,-0.609534,0.4012443,zxz_2_3,zxz_2_4,,,0.8393052,0.1606948,0,0,False,0,0,0,0,0,0,0,0,0
4.955615,12.34616,0.4001093,-0.6760806,-0.6222627,0.3945937,zxz_3_3,zxz_3_4,,,0.817601,0.182399,0,0,False,0,0,0,0,0,0,0,0,0
4.920537,12.23479,0.02202101,-0.7300642,-0.682816,0.02772667,zxz_3_2,zxz_3_3,,,0.5719464,0.4280536,0,0,False,0,0,0,0,0,0,0,0,0
4.693268,12.48326,0.02202101,-0.740254,-0.6721957,0.01330287,zxz_2_2,zxz_2_3,,,0.6016506,0.3983494,0,0,False,0,0,0,0,0,0,0,0,0
5.300024,13.41115,0.6940003,0.0731464,0.5759135,0.8142316,zxz_3_6,zxz_3_5,,,0.8414384,0.1585616,0,0,False,0,0,0,0,0,0,0,0,0
5.664001,13.28504,0.7330893,0.1200871,0.6160102,0.7785309,zxz_3_6,zxz_3_5,,,0.9815189,0.01848108,0,0,False,0,0,0,0,0,0,0,0,0
5.618522,13.18967,0.8103195,0.08275374,0.5646736,0.8211551,zxz_3_6,zxz_3_5,,,0.7239591,0.2760409,0,0,False,0,0,0,0,0,0,0,0,0
4.828976,12.72947,0.6274386,-0.5672649,-0.3988086,0.7205292,zxz_3_4,zxz_3_3,,,0.8701375,0.1298625,0,0,False,0,0,0,0,0,0,0,0,0
4.93548,12.87219,0.7369747,-0.4113796,-0.1162466,0.9040208,zxz_3_4,zxz_3_5,,,0.6457212,0.3542788,0,0,False,0,0,0,0,0,0,0,0,0
5.157125,12.69797,0.823298,-0.3896695,-0.07083699,0.9182264,zxz_3_4,zxz_3_5,,,0.6618,0.3382,0,0,False,0,0,0,0,0,0,0,0,0
5.008801,12.55775,0.6824498,-0.5792934,-0.4036148,0.7081766,zxz_3_4,zxz_3_3,,,0.87858,0.12142,0,0,False,0,0,0,0,0,0,0,0,0
4.712861,13.72591,0.5303478,0.03785801,0.4747561,0.8793029,zxz_1_6,zxz_1_5,,,0.9385352,0.06146479,0,0,False,0,0,0,0,0,0,0,0,0
5.379709,13.55313,0.5523594,0.1947045,0.75351,0.6279433,zxz_3_6,zxz_3_7,,,0.683289,0.316711,0,0,False,0,0,0,0,0,0,0,0,0
4.775685,13.26031,0.6756971,-0.2484342,0.07962235,0.9653708,zxz_2_5,zxz_2_4,,,0.8801343,0.1198657,0,0,False,0,0,0,0,0,0,0,0,0
4.879341,13.4309,0.6708308,-0.1325439,0.2965261,0.9457825,zxz_2_5,zxz_2_6,,,0.5689622,0.4310378,0,0,False,0,0,0,0,0,0,0,0,0
5.072141,13.0429,0.7798361,-0.2833869,0.09723331,0.9540637,zxz_3_5,zxz_3_4,,,0.824173,0.175827,0,0,False,0,0,0,0,0,0,0,0,0
4.17002,13.22103,0.4612962,-0.4750378,-0.4368719,0.76386,zxz_1_4,zxz_1_3,,,0.8046113,0.1953887,0,0,False,0,0,0,0,0,0,0,0,0
5.394897,12.79756,0.906168,-0.3619685,0.00381855,0.9321824,zxz_3_5,zxz_3_4,,,0.8158763,0.1841237,0,0,False,0,0,0,0,0,0,0,0,0
5.307002,12.75334,0.8627499,-0.371133,-0.0272344,0.9281803,zxz_3_5,zxz_3_4,,,0.616706,0.383294,0,0,False,0,0,0,0,0,0,0,0,0
4.973362,13.81802,0.2587159,0.1549716,0.9379756,0.3101381,zxz_1_7,zxz_1_6,,,0.8819206,0.1180794,0,0,False,0,0,0,0,0,0,0,0,0
5.113375,13.79611,0.2696778,0.2196829,0.9228746,0.3162943,zxz_2_7,zxz_2_6,,,0.8741635,0.1258365,0,0,False,0,0,0,0,0,0,0,0,0
5.407987,12.951,0.8968959,-0.2819673,0.1401977,0.9491254,zxz_3_5,zxz_3_6,,,0.9449989,0.05500114,0,0,False,0,0,0,0,0,0,0,0,0
5.727949,13.40997,0.6248893,0.1842592,0.7499302,0.6353371,zxz_3_6,zxz_3_7,,,0.7019384,0.2980616,0,0,False,0,0,0,0,0,0,0,0,0
5.819844,13.50806,0.4116682,0.2860657,0.8578613,0.4268963,zxz_3_7,zxz_3_6,,,0.790864,0.209136,0,0,False,0,0,0,0,0,0,0,0,0
5.891956,13.62167,0.0250803,0.3156397,0.9484966,0.02694065,zxz_3_8,zxz_3_7,,,0.5761725,0.4238275,0,0,False,0,0,0,0,0,0,0,0,0
5.14442,13.83231,0.02202101,0.2205046,0.9753858,0.0002436108,zxz_2_8,zxz_2_7,,,0.5154741,0.4845259,0,0,False,0,0,0,0,0,0,0,0,0
4.995889,13.86544,0.022021,0.1920916,0.9813407,-0.008440859,zxz_1_8,zxz_1_7,,,0.5848036,0.4151964,0,0,False,0,0,0,0,0,0,0,0,0
4.275442,13.14344,-0.4379637,-0.5491712,-0.5092803,-0.6626043,zxz_1_1,zxz_1_2,,,0.9936268,0.006373167,0,0,False,0,0,0,0,0,0,0,0,0
4.173184,13.30133,-0.4534625,-0.4335096,-0.3217796,-0.8417405,zxz_0_1,zxz_0_0,,,0.9558684,0.04413164,0,0,False,0,0,0,0,0,0,0,0,0
4.17002,13.22103,-0.4172541,-0.4952016,-0.4794138,-0.7245259,zxz_0_1,zxz_0_2,,,1,0,0,0,False,0,0,0,0,0,0,0,0,0
5.8328,13.55754,-0.2699368,0.2802508,0.8838253,-0.3745828,zxz_3_8,zxz_3_9,,,0.8848698,0.1151302,0,0,False,0,0,0,0,0,0,0,0,0
5.452878,13.6853,-0.2545231,0.2678322,0.8820208,-0.3876918,zxz_2_8,zxz_2_9,,,0.8344139,0.1655861,0,0,False,0,0,0,0,0,0,0,0,0
5.407673,13.57462,-0.4572493,0.2206175,0.7762511,-0.590561,zxz_2_9,zxz_2_8,,,0.7569557,0.2430443,0,0,False,0,0,0,0,0,0,0,0,0
5.736748,13.44417,-0.5078029,0.2289454,0.7731482,-0.5914606,zxz_3_9,zxz_3_8,,,0.7295088,0.2704912,0,0,False,0,0,0,0,0,0,0,0,0
4.922333,13.2459,-0.7289088,-0.04386447,0.3634822,-0.9305679,zxz_2_0,zxz_2_9,,,0.9761176,0.02388239,0,0,False,0,0,0,0,0,0,0,0,0
4.908459,13.47289,-0.6395929,-0.003319022,0.4648623,-0.8853768,zxz_2_9,zxz_2_0,,,0.5228646,0.4771354,0,0,False,0,0,0,0,0,0,0,0,0
4.785514,13.30724,-0.6955642,-0.1650812,0.2276296,-0.9596525,zxz_2_0,zxz_2_9,,,0.9819336,0.01806641,0,0,False,0,0,0,0,0,0,0,0,0
5.342878,13.43658,-0.6226864,0.1474998,0.6523585,-0.7434192,zxz_2_9,zxz_2_0,,,0.9375497,0.06245029,0,0,False,0,0,0,0,0,0,0,0,0
5.441458,13.30272,-0.7115551,0.1489769,0.6207198,-0.7697485,zxz_3_9,zxz_3_0,,,0.7144047,0.2855953,0,0,False,0,0,0,0,0,0,0,0,0
5.593634,13.3224,-0.6575403,0.1915635,0.6774964,-0.7101422,zxz_3_9,zxz_3_0,,,0.9284387,0.07156134,0,0,False,0,0,0,0,0,0,0,0,0
4.666594,13.06938,-0.6365534,-0.4298831,-0.2337611,-0.8720988,zxz_2_1,zxz_2_0,,,0.5325143,0.4674857,0,0,False,0,0,0,0,0,0,0,0,0
4.842183,12.84757,-0.6659426,-0.4346374,-0.2630563,-0.8613313,zxz_2_1,zxz_2_0,,,0.7288928,0.2711072,0,0,False,0,0,0,0,0,0,0,0,0
4.763917,13.06078,-0.6691159,-0.3314168,-0.1355561,-0.9336956,zxz_2_0,zxz_2_1,,,0.6093668,0.3906332,0,0,False,0,0,0,0,0,0,0,0,0
5.104725,13.7909,-0.2378537,0.2200059,0.9146432,-0.3391537,zxz_2_8,zxz_2_9,,,0.8082321,0.1917679,0,0,False,0,0,0,0,0,0,0,0,0
4.97175,13.81463,-0.2316167,0.2013599,0.9249904,-0.3222527,zxz_1_8,zxz_1_9,,,0.7100946,0.2899054,0,0,False,0,0,0,0,0,0,0,0,0
4.926706,13.75741,-0.3912287,0.202538,0.7942624,-0.5728224,zxz_1_9,zxz_1_8,,,0.7794924,0.2205076,0,0,False,0,0,0,0,0,0,0,0,0
5.05341,13.70902,-0.4070396,0.2096061,0.7974375,-0.5658257,zxz_2_9,zxz_2_8,,,0.6777449,0.3222551,0,0,False,0,0,0,0,0,0,0,0,0
4.561217,12.89409,-0.4955936,-0.5911746,-0.4803557,-0.6478972,zxz_2_1,zxz_2_2,,,0.9409547,0.05904531,0,0,False,0,0,0,0,0,0,0,0,0
4.760018,12.70146,-0.5368544,-0.6029923,-0.4650463,-0.6481761,zxz_2_1,zxz_2_2,,,1,0,0,0,False,0,0,0,0,0,0,0,0,0
4.619379,13.67317,-0.5233098,0.003988967,0.5003316,-0.8658246,zxz_1_9,zxz_1_0,,,0.6833679,0.3166321,0,0,False,0,0,0,0,0,0,0,0,0
4.525803,13.64105,-0.5385579,-0.04486968,0.3881432,-0.9205062,zxz_1_0,zxz_1_9,,,0.5200135,0.4799865,0,0,False,0,0,0,0,0,0,0,0,0
4.447097,13.49963,-0.5887247,-0.1828545,0.1519221,-0.9713309,zxz_1_0,zxz_1_9,,,0.9859653,0.01403469,0,0,False,0,0,0,0,0,0,0,0,0
4.347144,13.29555,-0.5409847,-0.3864633,-0.20344,-0.8995877,zxz_1_1,zxz_1_0,,,0.5501423,0.4498577,0,0,False,0,0,0,0,0,0,0,0,0
5.286069,13.29702,-0.7336236,0.04496736,0.5264527,-0.8490145,zxz_3_9,zxz_3_0,,,0.5398419,0.4601581,0,0,False,0,0,0,0,0,0,0,0,0
4.905466,12.93417,-0.7038148,-0.3488965,-0.149628,-0.9251392,zxz_2_0,zxz_2_1,,,0.5683689,0.4316311,0,0,False,0,0,0,0,0,0,0,0,0
5.021853,12.78338,-0.7212467,-0.3713986,-0.2756772,-0.8866032,zxz_3_1,zxz_3_0,,,0.5906723,0.4093277,0,0,False,0,0,0,0,0,0,0,0,0
5.056316,12.667,-0.6950392,-0.4478205,-0.3288819,-0.8314407,zxz_3_1,zxz_3_0,,,0.7732173,0.2267827,0,0,False,0,0,0,0,0,0,0,0,0
5.109085,13.23524,-0.7393511,-0.0673081,0.3373385,-0.938974,zxz_2_0,zxz_2_9,,,0.7987441,0.2012559,0,0,False,0,0,0,0,0,0,0,0,0
4.986668,13.60066,-0.5493577,0.1289284,0.648261,-0.7504233,zxz_2_9,zxz_2_0,,,0.9229598,0.0770402,0,0,False,0,0,0,0,0,0,0,0,0
4.846324,13.73573,-0.4443839,0.1939023,0.7234432,-0.6625948,zxz_1_9,zxz_1_8,,,0.9940754,0.005924582,0,0,False,0,0,0,0,0,0,0,0,0
4.712861,13.72591,-0.4863057,0.08215643,0.5791168,-0.8110943,zxz_1_9,zxz_1_0,,,0.950098,0.04990202,0,0,False,0,0,0,0,0,0,0,0,0
4.958672,12.48487,-0.5870071,-0.614246,-0.4713646,-0.6328644,zxz_3_1,zxz_3_2,,,0.8933622,0.1066378,0,0,False,0,0,0,0,0,0,0,0,0
4.920537,12.23479,0.02202101,-0.7300642,-0.682816,0.02772667,zxz_3_2,zxz_3_3,,,0.5719464,0.4280536,0,0,False,0,0,0,0,0,0,0,0,0
4.91679,12.34032,-0.3336727,-0.7213333,-0.6168797,-0.3148619,zxz_3_2,zxz_3_1,,,0.7672409,0.2327591,0,0,False,0,0,0,0,0,0,0,0,0
4.704026,12.57174,-0.3034371,-0.7166309,-0.6160654,-0.3269615,zxz_2_2,zxz_2_1,,,0.7232639,0.2767361,0,0,False,0,0,0,0,0,0,0,0,0
4.693268,12.48326,0.02202101,-0.740254,-0.6721957,0.01330287,zxz_2_2,zxz_2_3,,,0.6016506,0.3983494,0,0,False,0,0,0,0,0,0,0,0,0
4.498145,12.78942,-0.2791165,-0.6954337,-0.6418916,-0.323028,zxz_2_2,zxz_2_1,,,0.7222979,0.2777021,0,0,False,0,0,0,0,0,0,0,0,0
4.473749,12.74899,0.022021,-0.7302402,-0.6831858,0.002505606,zxz_2_2,zxz_2_3,,,0.5233255,0.4766745,0,0,False,0,0,0,0,0,0,0,0,0
4.232062,13.05433,-0.251036,-0.6634695,-0.6643888,-0.344087,zxz_1_2,zxz_1_1,,,0.6767048,0.3232952,0,0,False,0,0,0,0,0,0,0,0,0
4.220802,12.99596,0.022021,-0.7064654,-0.7077466,0.001225935,zxz_1_2,zxz_1_3,,,0.5417944,0.4582056,0,0,False,0,0,0,0,0,0,0,0,0
4.293075,13.66916,-0.5226766,-0.09118547,0.2884876,-0.9531318,zxz_0_0,zxz_0_9,,,0.8222049,0.1777951,0,0,False,0,0,0,0,0,0,0,0,0
4.199173,13.65235,-0.5167043,-0.2169264,0.04903383,-0.9749557,zxz_0_0,zxz_0_9,,,1,0,0,0,False,0,0,0,0,0,0,0,0,0
4.056517,13.5625,-0.4739035,-0.2968607,-0.1424647,-0.9442339,zxz_0_0,zxz_0_1,,,0.6576716,0.3423284,0,0,False,0,0,0,0,0,0,0,0,0
4.118057,13.49023,-0.4823467,-0.345396,-0.1476769,-0.9267648,zxz_0_0,zxz_0_1,,,0.5708161,0.4291839,0,0,False,0,0,0,0,0,0,0,0,0
4.134634,13.59323,-0.5030993,-0.2900855,-0.09117794,-0.9526473,zxz_0_0,zxz_0_1,,,0.9652344,0.0347656,0,0,False,0,0,0,0,0,0,0,0,0
4.158659,13.40016,-0.4785384,-0.4235483,-0.2420636,-0.872933,zxz_0_1,zxz_0_0,,,0.6353477,0.3646523,0,0,False,0,0,0,0,0,0,0,0,0
4.429543,13.6436,-0.5364221,-0.02303611,0.3388863,-0.9405453,zxz_0_0,zxz_0_9,,,0.7058257,0.2941743,0,0,False,0,0,0,0,0,0,0,0,0
4.525803,13.64105,0.5826001,0.009681582,0.3429483,0.9393044,zxz_1_5,zxz_1_6,,,0.5463243,0.4536757,0,0,False,0,0,0,0,0,0,0,0,0
4.619378,13.67317,0.5673518,0.06590142,0.3772668,0.9237568,zxz_1_6,zxz_1_5,,,0.6638342,0.3361658,0,0,False,0,0,0,0,0,0,0,0,0
4.566706,13.4827,0.6399934,-0.08384966,0.3115695,0.9465165,zxz_1_5,zxz_1_6,,,0.8893266,0.1106734,0,0,False,0,0,0,0,0,0,0,0,0
4.173183,13.30133,0.4975045,-0.5750318,-0.2670828,0.7733078,zxz_1_4,zxz_1_3,,,1,0,0,0,False,0,0,0,0,0,0,0,0,0
4.158658,13.40016,0.5225804,-0.4940473,-0.2186005,0.8415053,zxz_0_4,zxz_0_5,,,0.8627051,0.1372949,0,0,False,0,0,0,0,0,0,0,0,0
4.374752,13.23599,0.6152824,-0.4661623,-0.1378208,0.8738982,zxz_1_4,zxz_1_5,,,0.7602644,0.2397356,0,0,False,0,0,0,0,0,0,0,0,0
4.619144,13.20457,0.7303181,-0.295608,0.1774217,0.9386893,zxz_2_5,zxz_2_4,,,0.6267563,0.3732437,0,0,False,0,0,0,0,0,0,0,0,0
4.699401,13.13841,0.7558532,-0.0436041,0.3128064,0.9488155,zxz_2_5,zxz_2_4,,,0.6073512,0.3926488,0,0,False,0,0,0,0,0,0,0,0,0
4.685274,13.02545,0.800919,-0.3473311,0.2300933,0.9090755,zxz_2_4,zxz_2_5,,,0.60411,0.39589,0,0,False,0,0,0,0,0,0,0,0,0
4.723356,13.33838,0.7138206,-0.1264526,0.3135505,0.9411141,zxz_2_5,zxz_2_6,,,0.9584295,0.04157054,0,0,False,0,0,0,0,0,0,0,0,0
4.808769,13.42605,0.679016,-0.07332867,0.4289168,0.9003629,zxz_2_5,zxz_2_6,,,0.6668824,0.3331176,0,0,False,0,0,0,0,0,0,0,0,0
4.812338,13.35717,0.7176185,-0.1227846,0.3976507,0.9092843,zxz_2_5,zxz_2_6,,,0.8223362,0.1776638,0,0,False,0,0,0,0,0,0,0,0,0
4.712861,13.72591,0.5303478,0.1124396,0.4294051,0.8960852,zxz_1_6,zxz_1_5,,,0.9385352,0.06146485,0,0,False,0,0,0,0,0,0,0,0,0
4.700786,13.61551,0.5847657,0.02988727,0.3948736,0.9182492,zxz_1_6,zxz_1_5,,,0.631743,0.368257,0,0,False,0,0,0,0,0,0,0,0,0
4.524067,13.10609,0.6822616,-0.5033115,-0.01408334,0.8639904,zxz_1_4,zxz_1_5,,,0.8040838,0.1959162,0,0,False,0,0,0,0,0,0,0,0,0
4.257937,13.60821,0.5806673,-0.1820985,0.1610165,0.9700071,zxz_0_5,zxz_0_4,,,1,0,0,0,False,0,0,0,0,0,0,0,0,0
4.293075,13.66916,0.5667187,-0.08187538,0.2788323,0.9568432,zxz_0_5,zxz_0_6,,,0.8749915,0.1250085,0,0,False,0,0,0,0,0,0,0,0,0
4.462611,13.35536,0.652514,-0.2753769,0.1047621,0.9556111,zxz_1_5,zxz_1_4,,,0.7105445,0.2894555,0,0,False,0,0,0,0,0,0,0,0,0
4.200537,13.49565,0.5671543,-0.3657855,-0.07779763,0.9274418,zxz_0_5,zxz_0_4,,,0.5899174,0.4100826,0,0,False,0,0,0,0,0,0,0,0,0
4.782958,13.49728,0.6456488,-0.051222,0.4168628,0.9075251,zxz_1_5,zxz_1_6,,,0.5709218,0.4290782,0,0,False,0,0,0,0,0,0,0,0,0
4.429543,13.6436,0.5804642,-0.02928379,0.324792,0.9453321,zxz_1_5,zxz_1_6,,,0.6686157,0.3313843,0,0,False,0,0,0,0,0,0,0,0,0
4.302309,13.13625,0.5456681,-0.5306658,-0.223335,0.8176278,zxz_1_4,zxz_1_3,,,0.9673756,0.03262442,0,0,False,0,0,0,0,0,0,0,0,0
4.422911,13.10956,0.604445,-0.5460764,-0.2758085,0.7910311,zxz_1_4,zxz_1_5,,,1,0,0,0,False,0,0,0,0,0,0,0,0,0
4.785207,13.28965,0.7327527,-0.1119632,0.2331876,0.9659647,zxz_2_5,zxz_2_6,,,0.9925721,0.007427931,0,0,False,0,0,0,0,0,0,0,0,0
4.17002,13.22103,0.4612962,-0.6408623,-0.2944444,0.7089416,zxz_1_4,zxz_1_3,,,0.8046113,0.1953887,0,0,False,0,0,0,0,0,0,0,0,0
4.199173,13.65235,0.5607464,-0.2196068,0.1224558,0.9678727,zxz_0_5,zxz_0_4,,,1,0,0,0,False,0,0,0,0,0,0,0,0,0
4.134635,13.59323,0.5471413,-0.3044128,0.004013001,0.9525317,zxz_0_5,zxz_0_4,,,0.7636956,0.2363044,0,0,False,0,0,0,0,0,0,0,0,0
4.056517,13.5625,0.5179455,-0.3698309,-0.118407,0.9215231,zxz_0_4,zxz_0_5,,,0.5200847,0.4799153,0,0,False,0,0,0,0,0,0,0,0,0
4.118057,13.49023,0.5263887,-0.4170298,-0.2423552,0.8759853,zxz_0_4,zxz_0_5,,,0.6345425,0.3654575,0,0,False,0,0,0,0,0,0,0,0,0
5.22566,13.88841,0.02202101,0.2528477,0.9675061,0,zxz_2_8,zxz_2_7,,,0.5218223,0.4781777,0,0,False,0,0,0,0,0,0,0,0,0
4.818766,13.98774,0.02202101,0.279356,0.9601876,-9.73625E-09,zxz_1_8,zxz_1_7,,,0.5196194,0.4803806,0,0,False,0,0,0,0,0,0,0,0,0
4.797223,13.9393,-0.1962748,0.2619739,0.880477,-0.3951331,zxz_1_8,zxz_1_9,,,0.8909296,0.1090704,0,0,False,0,0,0,0,0,0,0,0,0
5.07937,13.86236,-0.1896728,0.2446842,0.9083107,-0.3392659,zxz_2_8,zxz_2_9,,,0.9956256,0.004374444,0,0,False,0,0,0,0,0,0,0,0,0
4.846324,13.73573,-0.4443839,0.194987,0.728176,-0.6570691,zxz_1_9,zxz_1_8,,,0.9940754,0.005924582,0,0,False,0,0,0,0,0,0,0,0,0
4.752933,13.85429,-0.3407113,0.222029,0.7537325,-0.6185392,zxz_1_9,zxz_1_8,,,0.6152688,0.3847312,0,0,False,0,0,0,0,0,0,0,0,0
4.712861,13.72591,-0.4863057,0.1609387,0.6466421,-0.7456223,zxz_1_9,zxz_1_0,,,0.950098,0.04990202,0,0,False,0,0,0,0,0,0,0,0,0
4.293075,13.66916,-0.5226766,-0.04916584,0.3467647,-0.9366626,zxz_0_0,zxz_0_9,,,0.8222049,0.1777951,0,0,False,0,0,0,0,0,0,0,0,0
4.242553,13.93921,-0.4155305,0.1061446,0.5553907,-0.8247876,zxz_0_9,zxz_0_0,,,0.946093,0.05390704,0,0,False,0,0,0,0,0,0,0,0,0
4.080816,13.7322,-0.4832202,-0.1787573,0.1432533,-0.9734086,zxz_0_0,zxz_0_9,,,0.9238557,0.07614434,0,0,False,0,0,0,0,0,0,0,0,0
4.348279,14.07453,-0.2305996,0.2764137,0.8413174,-0.4645217,zxz_0_8,zxz_0_9,,,0.654664,0.345336,0,0,False,0,0,0,0,0,0,0,0,0
4.389051,14.12672,0.02202101,0.32423,0.9459783,-8.282261E-08,zxz_0_8,zxz_0_7,,,0.5039992,0.4960008,0,0,False,0,0,0,0,0,0,0,0,0
4.012221,14.26461,0.02202101,0.3766574,0.9263526,-8.273283E-08,ç∂Ç–Ç∂,ç∂Ç–Ç∂,,,0.59,0.41,0,0,False,0,0,0,0,0,0,0,0,0
3.981408,14.21747,-0.1978185,0.3206237,0.8271627,-0.4615215,ç∂Ç–Ç∂,ç∂Ç–Ç∂,,,0.6,0.4,0,0,False,0,0,0,0,0,0,0,0,0
3.902342,14.09438,-0.3607812,0.1416834,0.5305552,-0.8357254,ç∂Ç–Ç∂,ç∂òrùÄ,,,0.9499962,0.05000383,0,0,False,0,0,0,0,0,0,0,0,0
3.786111,13.91498,-0.4232801,-0.1250701,0.1000039,-0.987095,ç∂Ç–Ç∂,ç∂òrùÄ,,,0.9499962,0.05000383,0,0,False,0,0,0,0,0,0,0,0,0
3.940063,13.55204,-0.412825,-0.461757,-0.325074,-0.8252923,zxz_0_1,zxz_0_0,,,0.7129234,0.2870766,0,0,False,0,0,0,0,0,0,0,0,0
3.66464,13.72724,-0.3666121,-0.3768202,-0.3612852,-0.852924,ç∂Ç–Ç∂,ç∂Ç–Ç∂,,,0.66,0.34,0,0,False,0,0,0,0,0,0,0,0,0
3.838544,13.39996,-0.2031963,-0.606892,-0.6402774,-0.4708788,zxz_0_2,zxz_0_1,,,0.727942,0.272058,0,0,False,0,0,0,0,0,0,0,0,0
3.57392,13.58678,-0.1891277,-0.5399414,-0.6837122,-0.4909186,ç∂Ç–Ç∂,ç∂Ç–Ç∂,,,0.68,0.32,0,0,False,0,0,0,0,0,0,0,0,0
4.134634,13.59323,-0.5030993,-0.3033395,0.01880621,-0.952697,zxz_0_0,zxz_0_1,,,0.9652344,0.0347656,0,0,False,0,0,0,0,0,0,0,0,0
4.199173,13.65235,-0.5167043,-0.1561437,0.1761153,-0.9719067,zxz_0_0,zxz_0_9,,,1,0,0,0,False,0,0,0,0,0,0,0,0,0
4.28618,12.91185,-0.2322467,-0.7719472,-0.526922,-0.3555993,zxz_1_2,zxz_1_1,,,0.860009,0.139991,0,0,False,0,0,0,0,0,0,0,0,0
4.210014,13.01716,-0.2254632,-0.7393395,-0.5598783,-0.3740504,zxz_1_2,zxz_1_1,,,0.8243275,0.1756725,0,0,False,0,0,0,0,0,0,0,0,0
4.167954,12.92997,0.02202101,-0.8071024,-0.5904117,-9.947142E-09,zxz_1_2,zxz_1_3,,,0.5435926,0.4564074,0,0,False,0,0,0,0,0,0,0,0,0
4.27624,12.98273,-0.3032064,-0.7497647,-0.5209926,-0.4079456,zxz_1_2,zxz_1_1,,,0.5862525,0.4137475,0,0,False,0,0,0,0,0,0,0,0,0
4.056517,13.5625,-0.4739035,-0.429975,-0.1084638,-0.8963019,zxz_0_0,zxz_0_1,,,0.6576716,0.3423284,0,0,False,0,0,0,0,0,0,0,0,0
4.28618,12.91185,-0.2322467,0.9343466,0.3118028,0.172556,zxz_1_2,zxz_1_1,,,0.860009,0.139991,0,0,False,0,0,0,0,0,0,0,0,0
4.220802,12.99596,0.02202101,0.975256,0.2210789,-2.130252E-09,zxz_1_2,zxz_1_3,,,0.5417944,0.4582056,0,0,False,0,0,0,0,0,0,0,0,0
4.232062,13.05433,-0.251036,0.8961953,0.4075898,0.175228,zxz_1_2,zxz_1_1,,,0.6767048,0.3232952,0,0,False,0,0,0,0,0,0,0,0,0
4.27624,12.98273,-0.3032064,0.8936421,0.3914381,0.2194991,zxz_1_2,zxz_1_1,,,0.5862525,0.4137475,0,0,False,0,0,0,0,0,0,0,0,0
4.049128,13.07607,0.02202101,-0.7465315,-0.6653501,-1.988139E-08,zxz_0_2,zxz_0_3,,,0.6574749,0.3425251,0,0,False,0,0,0,0,0,0,0,0,0
4.104643,13.1409,-0.2248006,-0.6872597,-0.6120187,-0.3912893,zxz_0_2,zxz_0_1,,,0.6642009,0.3357991,0,0,False,0,0,0,0,0,0,0,0,0
3.797755,13.34775,0.02202101,-0.6605826,-0.7507533,-1.467545E-08,zxz_0_3,zxz_0_2,,,0.5031008,0.4968992,0,0,False,0,0,0,0,0,0,0,0,0
4.250458,12.80182,0.02202101,-0.8408233,-0.5413098,-3.629946E-08,zxz_1_2,zxz_1_3,,,0.5887141,0.4112859,0,0,False,0,0,0,0,0,0,0,0,0
3.553728,13.53115,0.02202101,-0.6025675,-0.798068,-6.44266E-06,ç∂Ç–Ç∂,ç∂Ç–Ç∂,,,0.7,0.3,0,0,False,0,0,0,0,0,0,0,0,0
5.07937,13.86236,-0.1896728,0.2596086,-0.9589251,0.1143082,zxz_2_8,zxz_2_9,,,0.9956256,0.004374444,0,0,False,0,0,0,0,0,0,0,0,0
5.008424,13.81846,-0.2979009,0.4182995,-0.8925855,0.1682753,zxz_1_8,zxz_1_9,,,0.5967168,0.4032832,0,0,False,0,0,0,0,0,0,0,0,0
4.974264,13.81992,-0.2052029,0.3250061,-0.9358281,0.1363698,zxz_1_8,zxz_1_9,,,0.7799583,0.2200417,0,0,False,0,0,0,0,0,0,0,0,0
4.619379,13.67317,-0.5233098,0.05843563,0.4448377,-0.8937027,zxz_1_9,zxz_1_0,,,0.6833679,0.3166321,0,0,False,0,0,0,0,0,0,0,0,0
4.173184,13.30133,-0.4534625,-0.4905984,-0.3251255,-0.8084596,zxz_0_1,zxz_0_0,,,0.9558684,0.04413164,0,0,False,0,0,0,0,0,0,0,0,0
4.158659,13.40016,-0.4785384,-0.4442029,-0.2696536,-0.8543832,zxz_0_1,zxz_0_0,,,0.6353477,0.3646523,0,0,False,0,0,0,0,0,0,0,0,0
4.22405,13.12498,-0.388105,-0.7135732,-0.5423749,-0.4434441,zxz_1_1,zxz_1_2,,,0.7719972,0.2280028,0,0,False,0,0,0,0,0,0,0,0,0
4.17002,13.22103,-0.4172541,-0.6418296,-0.5070878,-0.5752535,zxz_0_1,zxz_0_2,,,1,0,0,0,False,0,0,0,0,0,0,0,0,0
5.008424,13.81846,-0.2979009,0.2247359,0.8012031,-0.5545875,zxz_1_8,zxz_1_9,,,0.5967168,0.4032832,0,0,False,0,0,0,0,0,0,0,0,0
4.926706,13.75741,-0.3912287,0.2166101,0.7278337,-0.6506443,zxz_1_9,zxz_1_8,,,0.7794924,0.2205076,0,0,False,0,0,0,0,0,0,0,0,0
4.250458,12.80182,0.02202101,0.9885333,0.1510036,1.276243E-08,zxz_1_2,zxz_1_3,,,0.5887141,0.4112859,0,0,False,0,0,0,0,0,0,0,0,0
4.926706,13.75741,-0.3912287,0.4490685,-0.875314,0.1793402,zxz_1_9,zxz_1_8,,,0.7794924,0.2205076,0,0,False,0,0,0,0,0,0,0,0,0
4.118057,13.49023,-0.4823467,-0.4233398,-0.2349111,-0.8749858,zxz_0_0,zxz_0_1,,,0.5708161,0.4291839,0,0,False,0,0,0,0,0,0,0,0,0
4.525803,13.64105,-0.5385579,0.007191631,0.3872555,-0.9219444,zxz_1_0,zxz_1_9,,,0.5200135,0.4799865,0,0,False,0,0,0,0,0,0,0,0,0
4.429543,13.6436,-0.5364221,-0.01486308,0.3704199,-0.9287455,zxz_0_0,zxz_0_9,,,0.7058257,0.2941743,0,0,False,0,0,0,0,0,0,0,0,0
4.244796,13.07566,-0.3654333,-0.7599689,-0.5105611,-0.4022123,zxz_1_1,zxz_1_2,,,0.6688173,0.3311827,0,0,False,0,0,0,0,0,0,0,0,0
4.22405,13.12498,-0.388105,0.832759,0.5104269,0.2144217,zxz_1_1,zxz_1_2,,,0.7719972,0.2280028,0,0,False,0,0,0,0,0,0,0,0,0
4.244796,13.07566,-0.3654333,0.8788279,0.4418117,0.1801788,zxz_1_1,zxz_1_2,,,0.6688173,0.3311827,0,0,False,0,0,0,0,0,0,0,0,0
4.17002,13.22103,-0.4172541,0.818576,0.5286483,0.224643,zxz_0_1,zxz_0_2,,,1,0,0,0,False,0,0,0,0,0,0,0,0,0
2.80192,15.18131,0.02202101,0.9993938,0.03481285,-5.070713E-09,ç∂òrùÄ3,ç∂òrùÄ2,,,0.68,0.32,0,0,False,0,0,0,0,0,0,0,0,0
2.761283,15.1293,-0.2297949,0.9482704,-0.01932608,-0.3168751,ç∂òrùÄ3,ç∂òrùÄ2,,,0.67,0.33,0,0,False,0,0,0,0,0,0,0,0,0
2.735628,14.98729,-0.160036,0.9470125,-0.2469976,-0.2053283,ç∂òrùÄ3,ç∂òrùÄ2,,,0.8,0.2,0,0,False,0,0,0,0,0,0,0,0,0
2.765008,15.0249,0.02202101,0.9732668,-0.2296775,-4.156678E-09,ç∂òrùÄ3,ç∂òrùÄ2,,,0.8,0.2,0,0,False,0,0,0,0,0,0,0,0,0
2.650258,14.9872,-0.4141369,0.7953879,-0.1893799,-0.5757546,ç∂òrùÄ3,ç∂òrùÄ2,,,0.67,0.33,0,0,False,0,0,0,0,0,0,0,0,0
2.663921,14.89551,-0.3193535,0.85704,-0.3273923,-0.3978652,ç∂òrùÄ3,ç∂òrùÄ2,,,0.79,0.21,0,0,False,0,0,0,0,0,0,0,0,0
2.554274,14.75517,-0.3833841,0.4369059,-0.3420795,-0.8319224,ç∂òrùÄ3,ç∂òrùÄ2,,,0.79,0.21,0,0,False,0,0,0,0,0,0,0,0,0
2.498603,14.79308,-0.4666109,0.5590302,-0.436894,-0.7047048,ç∂òrùÄ3,ç∂òrùÄ2,,,0.65,0.35,0,0,False,0,0,0,0,0,0,0,0,0
2.346937,14.59896,-0.4141369,0.3844264,-0.7235742,-0.5732858,ç∂òrùÄ3,ç∂òrùÄ2,,,0.64,0.36,0,0,False,0,0,0,0,0,0,0,0,0
2.206185,14.45192,-0.2297949,0.240016,-0.920427,-0.3085555,ç∂òrùÄ3,ç∂òrùÄ2,,,0.6,0.4,0,0,False,0,0,0,0,0,0,0,0,0
2.339734,14.50336,-0.160036,0.4276465,-0.8789301,-0.211188,ç∂òrùÄ3,ç∂òrùÄ2,,,0.75,0.25,0,0,False,0,0,0,0,0,0,0,0,0
2.444624,14.61482,-0.3211633,0.1500727,-0.6778395,-0.7197303,ç∂òrùÄ3,ç∂òrùÄ2,,,0.78,0.22,0,0,False,0,0,0,0,0,0,0,0,0
2.170206,14.40587,0.02202101,0.203778,-0.9790171,0,ç∂òrùÄ3,ç∂òrùÄ2,,,0.6,0.4,0,0,False,0,0,0,0,0,0,0,0,0
2.310357,14.46576,0.02202101,0.4006827,-0.9162169,-8.360137E-09,ç∂òrùÄ3,ç∂òrùÄ2,,,0.75,0.25,0,0,False,0,0,0,0,0,0,0,0,0
1.824073,15.36376,-0.4173937,-0.09933648,0.05145701,-0.9937225,ç∂òrùÄ1,ç∂òr,,,0.93,0.06999999,0,0,False,0,0,0,0,0,0,0,0,0
1.942393,15.25251,-0.4494784,-0.2182513,0.1576573,-0.9630735,ç∂òrùÄ1,ç∂òrùÄ2,,,0.76,0.24,0,0,False,0,0,0,0,0,0,0,0,0
2.079172,15.43791,-0.3863095,0.13968,0.5230029,-0.8408077,ç∂òrùÄ1,ç∂òrùÄ2,,,0.76,0.24,0,0,False,0,0,0,0,0,0,0,0,0
1.955602,15.54941,-0.3585233,0.3092155,0.3998067,-0.8628676,ç∂òrùÄ1,ç∂òr,,,0.92,0.07999998,0,0,False,0,0,0,0,0,0,0,0,0
2.173186,15.56432,-0.2137287,0.4001433,0.7861646,-0.470989,ç∂òrùÄ1,ç∂òrùÄ2,,,0.76,0.24,0,0,False,0,0,0,0,0,0,0,0,0
2.034831,15.67036,-0.1976864,0.6296603,0.6053826,-0.4868674,ç∂òrùÄ1,ç∂òr,,,0.9,0.1,0,0,False,0,0,0,0,0,0,0,0,0
2.20866,15.61012,0.02202101,0.4828148,0.8757225,-1.931025E-08,ç∂òrùÄ1,ç∂òrùÄ2,,,0.76,0.24,0,0,False,0,0,0,0,0,0,0,0,0
2.067891,15.71271,0.02202101,0.7440758,0.6680952,-9.66343E-09,ç∂òrùÄ1,ç∂òr,,,0.9,0.1,0,0,False,0,0,0,0,0,0,0,0,0
1.59172,14.98548,0.02202101,-0.8211109,-0.5707688,-1.454969E-08,ç∂òrùÄ1,ç∂òrùÄ2,,,0.99,0.00999999,0,0,False,0,0,0,0,0,0,0,0,0
1.673411,14.84885,0.02202101,-0.8619524,-0.5069893,-4.877672E-09,ç∂òrùÄ1,ç∂òrùÄ2,,,0.7,0.3,0,0,False,0,0,0,0,0,0,0,0,0
1.706382,14.90797,-0.2137287,-0.7803074,-0.4189776,-0.4643039,ç∂òrùÄ1,ç∂òrùÄ2,,,0.72,0.28,0,0,False,0,0,0,0,0,0,0,0,0
1.617881,15.04354,-0.1976864,-0.7249666,-0.4897912,-0.4842809,ç∂òrùÄ1,ç∂òr,,,0.98,0.01999998,0,0,False,0,0,0,0,0,0,0,0,0
1.807634,15.06473,-0.3863095,-0.5476465,-0.1817404,-0.8167337,ç∂òrùÄ1,ç∂òrùÄ2,,,0.75,0.25,0,0,False,0,0,0,0,0,0,0,0,0
1.707835,15.19113,-0.3585233,-0.4606823,-0.2725529,-0.8446816,ç∂òrùÄ1,ç∂òr,,,0.95,0.05000001,0,0,False,0,0,0,0,0,0,0,0,0
1.831279,15.684,-0.3547273,0.5222287,0.2085357,-0.826916,ç∂òrùÄ1,ç∂òr,,,0.56,0.44,0,0,False,0,0,0,0,0,0,0,0,0
1.706057,15.48653,-0.4166455,0.2044624,-0.1354937,-0.9694517,ç∂òrùÄ1,ç∂òr,,,0.6,0.4,0,0,False,0,0,0,0,0,0,0,0,0
1.929973,15.83683,-0.2129396,0.7896693,0.3637217,-0.4940941,ç∂òrùÄ1,ç∂òr,,,0.54,0.46,0,0,False,0,0,0,0,0,0,0,0,0
1.968641,15.88478,0.02202101,0.9238998,0.3826287,0.002060937,ç∂òrùÄ1,ç∂òr,,,0.55,0.45,0,0,False,0,0,0,0,0,0,0,0,0
1.481727,15.11966,0.02202101,-0.6104775,-0.7920336,-3.413497E-08,ç∂òrùÄ1,ç∂òr,,,0.68,0.32,0,0,False,0,0,0,0,0,0,0,0,0
1.505577,15.18259,-0.1928334,-0.5069368,-0.690226,-0.5163363,ç∂òrùÄ1,ç∂òr,,,0.64,0.36,0,0,False,0,0,0,0,0,0,0,0,0
1.597842,15.31646,-0.353532,-0.2338765,-0.4847284,-0.8428168,ç∂òrùÄ1,ç∂òr,,,0.63,0.37,0,0,False,0,0,0,0,0,0,0,0,0
1.66715,15.92123,-0.4346149,0.5955546,0.1460225,-0.7899317,ç∂òr,ç∂òrùÄ1,,,0.97,0.02999997,0,0,False,0,0,0,0,0,0,0,0,0
1.64299,15.82606,-0.4639639,0.548957,0.088484,-0.8311539,ç∂òr,ç∂òrùÄ1,,,0.9,0.1,0,0,False,0,0,0,0,0,0,0,0,0
1.800677,16.07958,-0.2563869,0.7548451,0.2841248,-0.59117,ç∂òr,ç∂òrùÄ1,,,0.95,0.05000001,0,0,False,0,0,0,0,0,0,0,0,0
1.870306,16.11744,-0.117815,0.8952591,0.2923125,-0.3362509,ç∂òr,ç∂òrùÄ1,,,0.88,0.12,0,0,False,0,0,0,0,0,0,0,0,0
1.344223,15.39343,-0.3591207,-0.2103948,-0.6902241,-0.6923327,ç∂òr,ç∂òrùÄ1,,,0.86,0.14,0,0,False,0,0,0,0,0,0,0,0,0
1.307287,15.3141,-0.2505004,-0.30143,-0.7578808,-0.5785816,ç∂òr,ç∂òrùÄ1,,,0.83,0.17,0,0,False,0,0,0,0,0,0,0,0,0
1.424334,15.45536,-0.4339567,-0.1505686,-0.6294684,-0.7622983,ç∂òr,ç∂òrùÄ1,,,0.81,0.19,0,0,False,0,0,0,0,0,0,0,0,0
2.769532,15.30968,0.02202101,0.8878754,0.4600841,-1.544775E-08,ç∂òrùÄ2,ç∂òrùÄ3,,,0.52,0.48,0,0,False,0,0,0,0,0,0,0,0,0
2.722447,15.24941,-0.2753448,0.8181905,0.3595397,-0.4486597,ç∂òrùÄ2,ç∂òrùÄ3,,,0.53,0.47,0,0,False,0,0,0,0,0,0,0,0,0
2.091249,14.45941,-0.2753448,-0.1179353,-0.8885937,-0.4432747,ç∂òrùÄ2,ç∂òrùÄ3,,,0.59,0.41,0,0,False,0,0,0,0,0,0,0,0,0
2.043259,14.39799,0.02202101,-0.1899352,-0.9817966,5.138181E-09,ç∂òrùÄ2,ç∂òrùÄ3,,,0.59,0.41,0,0,False,0,0,0,0,0,0,0,0,0
2.223813,14.63044,-0.4930319,0.08308744,-0.6297947,-0.7723051,ç∂òrùÄ2,ç∂òrùÄ3,,,0.59,0.41,0,0,False,0,0,0,0,0,0,0,0,0
2.402905,14.85967,-0.5727108,0.3597203,-0.285741,-0.8882304,ç∂òrùÄ2,ç∂òrùÄ3,,,0.57,0.43,0,0,False,0,0,0,0,0,0,0,0,0
2.581999,15.0889,-0.4930319,0.6184146,0.0862084,-0.7811091,ç∂òrùÄ2,ç∂òrùÄ3,,,0.56,0.44,0,0,False,0,0,0,0,0,0,0,0,0
1.571001,15.64461,-0.5115616,0.4448355,-0.1501038,-0.8829441,ç∂òr,ç∂òrùÄ1,,,0.8,0.2,0,0,False,0,0,0,0,0,0,0,0,0
1.527508,15.57909,-0.5107923,0.3022094,-0.3275724,-0.8951904,ç∂òr,ç∂òrùÄ1,,,0.79,0.21,0,0,False,0,0,0,0,0,0,0,0,0
1.341492,15.17717,0.02202101,-0.3794656,-0.9252059,-1.613398E-08,ç∂òr,ç∂òrùÄ1,,,0.61,0.39,0,0,False,0,0,0,0,0,0,0,0,0
1.307983,15.23836,-0.1049336,-0.392073,-0.8466589,-0.359788,ç∂òr,ç∂òrùÄ1,,,0.74,0.26,0,0,False,0,0,0,0,0,0,0,0,0
1.641977,15.70385,-0.471708,0.5262678,-0.01685994,-0.8501518,ç∂òr,ç∂òrùÄ1,,,0.76,0.24,0,0,False,0,0,0,0,0,0,0,0,0
1.508691,15.48991,-0.4719819,0.1108183,-0.5089201,-0.8536507,ç∂òr,ç∂òrùÄ1,,,0.72,0.28,0,0,False,0,0,0,0,0,0,0,0,0
1.907266,16.11749,0.02202101,0.9654046,0.260576,-0.009701194,ç∂òr,ç∂òrùÄ1,,,0.82,0.18,0,0,False,0,0,0,0,0,0,0,0,0
1.717763,16.00782,-0.3756737,0.6719666,0.2071056,-0.7110332,ç∂òr,,,,1,0,0,0,False,0,0,0,0,0,0,0,0,0
2.805872,14.97798,-0.1737617,0.1338149,0.9028034,-0.4087048,ç∂òrùÄ3,ç∂òrùÄ2,,,0.92,0.07999998,0,0,False,0,0,0,0,0,0,0,0,0
2.837466,15.01842,0.02202101,0.08904654,0.9960275,0,ç∂òrùÄ3,ç∂òrùÄ2,,,0.93,0.06999999,0,0,False,0,0,0,0,0,0,0,0,0
2.765008,15.0249,0.02202101,0.08904653,0.9960274,0,ç∂òrùÄ3,ç∂òrùÄ2,,,0.8,0.2,0,0,False,0,0,0,0,0,0,0,0,0
2.735628,14.98729,-0.160036,0.1374869,0.8950784,-0.424184,ç∂òrùÄ3,ç∂òrùÄ2,,,0.8,0.2,0,0,False,0,0,0,0,0,0,0,0,0
2.720735,14.86901,-0.3170845,0.4757815,0.3171412,-0.8203984,ç∂òrùÄ3,ç∂òrùÄ2,,,0.92,0.07999998,0,0,False,0,0,0,0,0,0,0,0,0
2.663921,14.89551,-0.3193535,0.2429648,0.4640236,-0.851851,ç∂òrùÄ3,ç∂òrùÄ2,,,0.79,0.21,0,0,False,0,0,0,0,0,0,0,0,0
2.604702,14.7205,-0.3663229,0.2479137,-0.1905324,-0.9498612,ç∂òrùÄ3,ç∂òrùÄ2,,,0.91,0.08999997,0,0,False,0,0,0,0,0,0,0,0,0
2.554274,14.75517,-0.3833841,0.4369059,-0.3420795,-0.8319224,ç∂òrùÄ3,ç∂òrùÄ2,,,0.79,0.21,0,0,False,0,0,0,0,0,0,0,0,0
2.444624,14.61482,-0.3211633,0.1500727,-0.6778395,-0.7197303,ç∂òrùÄ3,ç∂òrùÄ2,,,0.78,0.22,0,0,False,0,0,0,0,0,0,0,0,0
2.493924,14.57871,-0.3207726,-0.06841529,-0.5268998,-0.8471694,ç∂òrùÄ3,ç∂òrùÄ2,,,0.9,0.1,0,0,False,0,0,0,0,0,0,0,0,0
2.339734,14.50336,-0.160036,-0.7016319,-0.5095928,-0.498024,ç∂òrùÄ3,ç∂òrùÄ2,,,0.75,0.25,0,0,False,0,0,0,0,0,0,0,0,0
2.385751,14.44025,-0.1737617,-0.3635984,-0.7843796,-0.5025383,ç∂òrùÄ3,ç∂òrùÄ2,,,0.89,0.11,0,0,False,0,0,0,0,0,0,0,0,0
2.354158,14.39981,0.02202101,-0.4638147,-0.8859324,-6.065204E-09,ç∂òrùÄ3,ç∂òrùÄ2,,,0.89,0.11,0,0,False,0,0,0,0,0,0,0,0,0
2.310357,14.46576,0.02202101,-0.8329923,-0.5532848,9.301007E-09,ç∂òrùÄ3,ç∂òrùÄ2,,,0.75,0.25,0,0,False,0,0,0,0,0,0,0,0,0
3.035734,14.63024,-0.2761619,0.29702,0.4890197,-0.8201457,ç∂òrùÄ,ç∂Ç–Ç∂,,,0.9499962,0.05000383,0,0,False,0,0,0,0,0,0,0,0,0
3.294993,14.46368,-0.288848,0.2781329,0.5047579,-0.817228,ç∂òrùÄ,ç∂Ç–Ç∂,,,0.7896086,0.2103914,0,0,False,0,0,0,0,0,0,0,0,0
3.346495,14.53827,-0.1623434,0.460506,0.7757141,-0.4315112,ç∂òrùÄ,ç∂Ç–Ç∂,,,0.7873198,0.2126802,0,0,False,0,0,0,0,0,0,0,0,0
3.090621,14.70049,-0.1532563,0.4889373,0.7563136,-0.4346608,ç∂òrùÄ,ç∂Ç–Ç∂,,,0.9499962,0.05000383,0,0,False,0,0,0,0,0,0,0,0,0
3.193903,14.31943,-0.3397638,-0.03092296,0.05221904,-0.9981568,ç∂òrùÄ,ç∂Ç–Ç∂,,,0.8022278,0.1977722,0,0,False,0,0,0,0,0,0,0,0,0
2.932295,14.49784,-0.3239855,-0.02358101,0.03094996,-0.9992427,ç∂òrùÄ,ç∂Ç–Ç∂,,,0.9499962,0.05000383,0,0,False,0,0,0,0,0,0,0,0,0
2.813997,14.34643,-0.2758658,-0.3236764,-0.3842352,-0.8646369,ç∂òrùÄ,ç∂Ç–Ç∂,,,0.9499962,0.05000383,0,0,False,0,0,0,0,0,0,0,0,0
3.078311,14.15411,-0.2919722,-0.3264224,-0.3619515,-0.8731778,ç∂òrùÄ,ç∂Ç–Ç∂,,,0.8042725,0.1957275,0,0,False,0,0,0,0,0,0,0,0,0
2.736378,14.24708,-0.1459614,-0.5447497,-0.6733685,-0.4998227,ç∂òrùÄ,ç∂Ç–Ç∂,,,0.9499962,0.05000383,0,0,False,0,0,0,0,0,0,0,0,0
2.996976,14.03746,-0.151789,-0.5486633,-0.6649631,-0.506747,ç∂òrùÄ,ç∂Ç–Ç∂,,,0.7618677,0.2381323,0,0,False,0,0,0,0,0,0,0,0,0
2.968882,13.99675,0.02202101,-0.6318068,-0.775126,5.469989E-06,ç∂òrùÄ,ç∂Ç–Ç∂,,,0.7631037,0.2368963,0,0,False,0,0,0,0,0,0,0,0,0
2.706429,14.20875,0.02202101,-0.6302491,-0.7763931,5.558318E-06,ç∂òrùÄ,ç∂Ç–Ç∂,,,0.9499962,0.05000383,0,0,False,0,0,0,0,0,0,0,0,0
3.37491,14.57832,0.02202101,0.5133565,0.8581756,-9.786953E-09,ç∂òrùÄ,ç∂Ç–Ç∂,,,0.7499962,0.2500038,0,0,False,0,0,0,0,0,0,0,0,0
3.120571,14.73882,0.02202101,0.5490794,0.8357702,-1.469841E-08,ç∂òrùÄ,ç∂Ç–Ç∂,,,0.9499962,0.05000383,0,0,False,0,0,0,0,0,0,0,0,0
2.865251,14.91308,0.02202101,0.8282694,0.5603302,-1.529213E-06,ç∂òrùÄ3,ç∂òrùÄ,,,0.91,0.09000003,0,0,False,0,0,0,0,0,0,0,0,0
2.837606,14.8777,-0.1492826,0.7444566,0.5004092,-0.4420123,ç∂òrùÄ3,ç∂òrùÄ,,,0.91,0.09000003,0,0,False,0,0,0,0,0,0,0,0,0
2.776419,14.79938,-0.2746854,0.5236563,0.2563273,-0.8124533,ç∂òrùÄ3,ç∂òrùÄ,,,0.92,0.07999998,0,0,False,0,0,0,0,0,0,0,0,0
2.676841,14.67193,-0.3196795,0.2030422,-0.1611886,-0.9658116,ç∂òrùÄ3,ç∂òrùÄ,,,0.92,0.07999998,0,0,False,0,0,0,0,0,0,0,0,0
2.564424,14.52805,-0.2626735,-0.077256,-0.5683617,-0.8191437,ç∂òrùÄ3,ç∂òrùÄ,,,0.93,0.06999999,0,0,False,0,0,0,0,0,0,0,0,0
2.496137,14.44064,-0.1492826,-0.2364986,-0.8386775,-0.4906,ç∂òrùÄ3,ç∂òrùÄ,,,0.93,0.06999999,0,0,False,0,0,0,0,0,0,0,0,0
2.468493,14.40526,0.02202101,-0.2916703,-0.9565189,-9.892398E-09,ç∂òrùÄ3,ç∂òrùÄ,,,0.94,0.06,0,0,False,0,0,0,0,0,0,0,0,0
2.837466,15.01842,0.02202101,0.966929,0.2550457,5.37184E-07,ç∂òrùÄ3,ç∂òrùÄ2,,,0.93,0.06999999,0,0,False,0,0,0,0,0,0,0,0,0
2.805872,14.97798,-0.1737617,0.8963504,0.2238228,-0.3826999,ç∂òrùÄ3,ç∂òrùÄ2,,,0.92,0.07999998,0,0,False,0,0,0,0,0,0,0,0,0
2.635272,15.35121,-0.2926368,0.5311172,0.6903597,-0.4912414,ç∂òrùÄ2,ç∂òrùÄ3,,,0.78,0.22,0,0,False,0,0,0,0,0,0,0,0,0
2.683731,15.41323,0.02202101,0.607063,0.7946538,-1.561475E-08,ç∂òrùÄ2,ç∂òrùÄ3,,,0.78,0.22,0,0,False,0,0,0,0,0,0,0,0,0
1.923696,14.4457,0.02202101,-0.6161346,-0.7876408,-2.667024E-08,ç∂òrùÄ2,ç∂òrùÄ3,,,0.84,0.16,0,0,False,0,0,0,0,0,0,0,0,0
1.976241,14.51296,-0.2926368,-0.5339329,-0.6840869,-0.4969314,ç∂òrùÄ2,ç∂òrùÄ3,,,0.84,0.16,0,0,False,0,0,0,0,0,0,0,0,0
2.11367,14.69154,-0.5229822,-0.3124688,-0.4001077,-0.8615551,ç∂òrùÄ2,ç∂òrùÄ3,,,0.83,0.17,0,0,False,0,0,0,0,0,0,0,0,0
2.303178,14.9341,-0.6072947,-0.001365302,-0.002181944,-0.9999966,ç∂òrùÄ2,ç∂òrùÄ3,,,0.82,0.18,0,0,False,0,0,0,0,0,0,0,0,0
2.492685,15.17666,-0.5229822,0.3070396,0.3994513,-0.8638086,ç∂òrùÄ2,ç∂òrùÄ3,,,0.81,0.19,0,0,False,0,0,0,0,0,0,0,0,0
2.490269,15.42126,-0.2714824,0.311629,0.8271357,-0.4676899,ç∂òrùÄ2,ç∂òrùÄ1,,,0.91,0.08999997,0,0,False,0,0,0,0,0,0,0,0,0
2.535308,15.47891,0.02202101,0.3902173,0.9207228,-1.467419E-08,ç∂òrùÄ2,ç∂òrùÄ1,,,0.91,0.08999997,0,0,False,0,0,0,0,0,0,0,0,0
1.830241,14.57278,0.02202101,-0.8367909,-0.5475227,-2.969781E-08,ç∂òrùÄ2,ç∂òrùÄ1,,,0.87,0.13,0,0,False,0,0,0,0,0,0,0,0,0
1.87847,14.63708,-0.2714824,-0.7599081,-0.4482584,-0.4707485,ç∂òrùÄ2,ç∂òrùÄ1,,,0.86,0.14,0,0,False,0,0,0,0,0,0,0,0,0
2.007331,14.80313,-0.4863417,-0.5477778,-0.1858182,-0.8157274,ç∂òrùÄ2,ç∂òrùÄ1,,,0.87,0.13,0,0,False,0,0,0,0,0,0,0,0,0
2.184101,15.02938,-0.5649858,-0.2398729,0.1791464,-0.9541319,ç∂òrùÄ2,ç∂òrùÄ1,,,0.88,0.12,0,0,False,0,0,0,0,0,0,0,0,0
2.360867,15.25563,-0.4863417,0.0819443,0.5542864,-0.8282824,ç∂òrùÄ2,ç∂òrùÄ1,,,0.9,0.1,0,0,False,0,0,0,0,0,0,0,0,0
3.705604,14.40318,0.02202101,0.4271937,0.9041601,-4.882455E-09,ç∂Ç–Ç∂,ç∂òrùÄ,,,0.8789044,0.1210956,0,0,False,0,0,0,0,0,0,0,0,0
3.676169,14.36049,-0.1780008,0.3752283,0.8082901,-0.4537298,ç∂Ç–Ç∂,ç∂òrùÄ,,,0.8681926,0.1318074,0,0,False,0,0,0,0,0,0,0,0,0
3.613359,14.26602,-0.3132139,0.198176,0.5288544,-0.8252511,ç∂Ç–Ç∂,ç∂òrùÄ,,,0.812253,0.187747,0,0,False,0,0,0,0,0,0,0,0,0
3.389746,13.92743,-0.3221183,-0.3617335,-0.3334698,-0.8706013,ç∂Ç–Ç∂,ç∂òrùÄ,,,0.8158541,0.1841459,0,0,False,0,0,0,0,0,0,0,0,0
3.302047,13.79336,-0.1764934,-0.5531404,-0.6584566,-0.5103633,ç∂Ç–Ç∂,ç∂òrùÄ,,,0.8238651,0.1761349,0,0,False,0,0,0,0,0,0,0,0,0
3.273383,13.74813,0.02202101,-0.6244085,-0.7810981,-6.893967E-06,ç∂Ç–Ç∂,ç∂òrùÄ,ç∂òrùÄ,â∫îºêg,0.8548562,0.1271382,0.01800565,0,False,0,0,0,0,0,0,0,0,0
3.514318,14.49791,0.02202101,0.4697304,0.88281,-4.877262E-09,ç∂Ç–Ç∂,ç∂òrùÄ,,,0.5000076,0.4999924,0,0,False,0,0,0,0,0,0,0,0,0
3.487813,14.45686,-0.1673038,0.4212531,0.7934195,-0.4393534,ç∂Ç–Ç∂,ç∂òrùÄ,,,0.592401,0.407599,0,0,False,0,0,0,0,0,0,0,0,0
3.43563,14.37364,-0.2949658,0.246437,0.5165653,-0.8200178,ç∂Ç–Ç∂,ç∂òrùÄ,,,0.5565881,0.4434119,0,0,False,0,0,0,0,0,0,0,0,0
3.507224,14.10556,-0.3743805,-0.09053528,0.09628972,-0.9912273,ç∂Ç–Ç∂,ç∂òrùÄ,,,0.7849393,0.2150607,0,0,False,0,0,0,0,0,0,0,0,0
3.339495,14.2201,-0.350738,-0.05253201,0.07315504,-0.9959361,ç∂Ç–Ç∂,ç∂òrùÄ,,,0.5264515,0.4735485,0,0,False,0,0,0,0,0,0,0,0,0
3.229494,14.04409,-0.3027581,-0.3408408,-0.3410331,-0.8760845,ç∂Ç–Ç∂,ç∂òrùÄ,,,0.577615,0.422385,0,0,False,0,0,0,0,0,0,0,0,0
3.149425,13.91518,-0.1621884,-0.555761,-0.6540869,-0.5131276,ç∂Ç–Ç∂,ç∂òrùÄ,,,0.5543603,0.4456397,0,0,False,0,0,0,0,0,0,0,0,0
3.122945,13.87155,0.02202101,-0.635375,-0.7722038,-2.458598E-08,ç∂òrùÄ,ç∂Ç–Ç∂,,,0.5000076,0.4999924,0,0,False,0,0,0,0,0,0,0,0,0
4.995889,13.86544,0.02202101,0.2284646,-0.9735523,1.335388E-08,zxz_1_8,zxz_1_7,,,0.5848036,0.4151964,0,0,False,0,0,0,0,0,0,0,0,0
5.22566,13.88841,0.02202101,0.2284646,-0.9735523,1.559293E-08,zxz_2_8,zxz_2_7,,,0.5218223,0.4781777,0,0,False,0,0,0,0,0,0,0,0,0
4.28618,12.91185,0.2762887,0.9343466,0.3118028,-0.1725559,zxz_1_3,zxz_1_4,,,0.9805415,0.01945847,0,0,False,0,0,0,0,0,0,0,0,0
4.232062,13.05433,0.295078,0.8961953,0.4075898,-0.175228,zxz_1_3,zxz_1_4,,,0.7753028,0.2246972,0,0,False,0,0,0,0,0,0,0,0,0
4.27624,12.98273,0.3472484,0.8936423,0.3914382,-0.2194991,zxz_1_3,zxz_1_4,,,0.7233921,0.2766079,0,0,False,0,0,0,0,0,0,0,0,0
5.008423,13.81845,0.3419429,0.4182995,-0.8925855,-0.1682753,zxz_2_7,zxz_2_6,,,0.6807776,0.3192224,0,0,False,0,0,0,0,0,0,0,0,0
5.079371,13.86236,0.2337148,0.2596086,-0.9589251,-0.1143081,zxz_2_7,zxz_2_6,,,0.9842029,0.01579708,0,0,False,0,0,0,0,0,0,0,0,0
4.974264,13.81992,0.2492449,0.3250061,-0.9358281,-0.1363698,zxz_1_7,zxz_1_6,,,0.9062912,0.09370875,0,0,False,0,0,0,0,0,0,0,0,0
4.926706,13.75741,0.4352707,0.4490684,-0.875314,-0.1793403,zxz_1_6,zxz_1_7,,,0.6318946,0.3681054,0,0,False,0,0,0,0,0,0,0,0,0
4.244796,13.07566,0.4094754,0.8788278,0.4418116,-0.1801788,zxz_1_4,zxz_1_3,,,0.5302424,0.4697576,0,0,False,0,0,0,0,0,0,0,0,0
4.224051,13.12498,0.432147,0.8327591,0.5104269,-0.2144218,zxz_1_4,zxz_1_3,,,0.6380873,0.3619127,0,0,False,0,0,0,0,0,0,0,0,0
4.17002,13.22103,0.4612962,0.818576,0.5286483,-0.2246431,zxz_1_4,zxz_1_3,,,0.8046113,0.1953887,0,0,False,0,0,0,0,0,0,0,0,0
4.797223,13.9393,0.2403168,0.2619739,0.8804769,0.395133,zxz_1_7,zxz_1_6,,,0.9119262,0.08807385,0,0,False,0,0,0,0,0,0,0,0,0
5.079371,13.86236,0.2337148,0.2446842,0.9083109,0.3392659,zxz_2_7,zxz_2_6,,,0.9842029,0.01579708,0,0,False,0,0,0,0,0,0,0,0,0
4.752933,13.85429,0.3847533,0.2220289,0.7537324,0.6185392,zxz_1_6,zxz_1_7,,,0.5586538,0.4413462,0,0,False,0,0,0,0,0,0,0,0,0
4.846324,13.73573,0.4884259,0.194987,0.728176,0.6570693,zxz_1_6,zxz_1_7,,,0.8525142,0.1474858,0,0,False,0,0,0,0,0,0,0,0,0
4.712861,13.72591,0.5303478,0.1609388,0.6466421,0.7456225,zxz_1_6,zxz_1_5,,,0.9385346,0.06146544,0,0,False,0,0,0,0,0,0,0,0,0
4.242552,13.93921,0.4595726,0.1061446,0.5553906,0.8247876,zxz_0_6,zxz_0_5,,,0.8653976,0.1346024,0,0,False,0,0,0,0,0,0,0,0,0
4.293075,13.66916,0.5667187,-0.04916587,0.3467645,0.9366627,zxz_0_5,zxz_0_6,,,0.8749915,0.1250085,0,0,False,0,0,0,0,0,0,0,0,0
4.080816,13.7322,0.5272622,-0.1787573,0.1432533,0.9734086,zxz_0_5,zxz_0_6,,,1,0,0,0,False,0,0,0,0,0,0,0,0,0
4.348279,14.07453,0.2746416,0.2764146,0.8413173,0.4645216,zxz_0_7,zxz_0_6,,,0.6310589,0.3689411,0,0,False,0,0,0,0,0,0,0,0,0
3.981408,14.21747,0.2418605,0.3206246,0.8271625,0.4615215,ç∂Ç–Ç∂,ç∂òrùÄ,,,0.9499962,0.05000383,0,0,False,0,0,0,0,0,0,0,0,0
3.902342,14.09438,0.4048232,0.1416834,0.5305552,0.8357255,ç∂Ç–Ç∂,ç∂òrùÄ,,,0.9499962,0.05000383,0,0,False,0,0,0,0,0,0,0,0,0
3.786111,13.91498,0.4673221,-0.1250591,0.1003763,0.9870587,ç∂Ç–Ç∂,ç∂òrùÄ,,,0.9499962,0.05000383,0,0,False,0,0,0,0,0,0,0,0,0
3.940064,13.55204,0.4568671,-0.4617569,-0.325074,0.8252924,zxz_0_4,zxz_0_5,,,0.851148,0.148852,0,0,False,0,0,0,0,0,0,0,0,0
3.66464,13.72724,0.4106542,-0.376953,-0.36002,0.8534002,ç∂Ç–Ç∂,ç∂òrùÄ,,,0.9499962,0.05000383,0,0,False,0,0,0,0,0,0,0,0,0
3.838544,13.39996,0.2472383,-0.606892,-0.6402774,0.4708788,zxz_0_3,zxz_0_4,,,0.7585937,0.2414063,0,0,False,0,0,0,0,0,0,0,0,0
3.57392,13.58678,0.2331697,-0.5399369,-0.6837199,0.4909126,ç∂Ç–Ç∂,ç∂òrùÄ,,,0.9467765,0.05322349,0,0,False,0,0,0,0,0,0,0,0,0
4.134635,13.59323,0.5471413,-0.3033395,0.01880621,0.9526969,zxz_0_5,zxz_0_4,,,0.7636956,0.2363044,0,0,False,0,0,0,0,0,0,0,0,0
4.199173,13.65235,0.5607463,-0.1561437,0.1761152,0.9719068,zxz_0_5,zxz_0_4,,,1,0,0,0,False,0,0,0,0,0,0,0,0,0
4.210014,13.01716,0.2695053,-0.7393394,-0.5598782,0.3740504,zxz_1_3,zxz_1_4,,,0.8992213,0.1007787,0,0,False,0,0,0,0,0,0,0,0,0
4.28618,12.91185,0.2762887,-0.7719472,-0.526922,0.3555993,zxz_1_3,zxz_1_4,,,0.9805415,0.01945847,0,0,False,0,0,0,0,0,0,0,0,0
4.27624,12.98273,0.3472484,-0.7497647,-0.5209926,0.4079456,zxz_1_3,zxz_1_4,,,0.7233921,0.2766079,0,0,False,0,0,0,0,0,0,0,0,0
4.056517,13.5625,0.5179455,-0.4299748,-0.1084637,0.896302,zxz_0_4,zxz_0_5,,,0.5200847,0.4799153,0,0,False,0,0,0,0,0,0,0,0,0
4.104643,13.14091,0.2688426,-0.6872596,-0.6120186,0.3912892,zxz_1_3,zxz_1_4,,,0.7960516,0.2039484,0,0,False,0,0,0,0,0,0,0,0,0
4.619379,13.67317,0.5673518,0.05843566,0.4448377,0.8937027,zxz_1_6,zxz_1_5,,,0.6638356,0.3361644,0,0,False,0,0,0,0,0,0,0,0,0
4.173184,13.30133,0.4975045,-0.4905981,-0.3251253,0.8084595,zxz_1_4,zxz_1_3,,,1,0,0,0,False,0,0,0,0,0,0,0,0,0
4.158659,13.40016,0.5225804,-0.444203,-0.2696538,0.8543832,zxz_0_4,zxz_0_5,,,0.8627065,0.1372935,0,0,False,0,0,0,0,0,0,0,0,0
4.224051,13.12498,0.432147,-0.7135733,-0.542375,0.4434441,zxz_1_4,zxz_1_3,,,0.6380873,0.3619127,0,0,False,0,0,0,0,0,0,0,0,0
4.17002,13.22103,0.4612962,-0.6418297,-0.5070879,0.5752536,zxz_1_4,zxz_1_3,,,0.8046113,0.1953887,0,0,False,0,0,0,0,0,0,0,0,0
5.008423,13.81845,0.3419429,0.2247359,0.801203,0.5545877,zxz_2_7,zxz_2_6,,,0.6807776,0.3192224,0,0,False,0,0,0,0,0,0,0,0,0
4.926706,13.75741,0.4352707,0.21661,0.7278337,0.6506444,zxz_1_6,zxz_1_7,,,0.6318946,0.3681054,0,0,False,0,0,0,0,0,0,0,0,0
4.118057,13.49023,0.5263887,-0.4233397,-0.2349108,0.8749861,zxz_0_4,zxz_0_5,,,0.6345425,0.3654575,0,0,False,0,0,0,0,0,0,0,0,0
4.525803,13.64105,0.5825999,0.007191658,0.3872554,0.9219444,zxz_1_5,zxz_1_6,,,0.5463241,0.4536759,0,0,False,0,0,0,0,0,0,0,0,0
4.429543,13.6436,0.5804642,-0.01486308,0.3704198,0.9287456,zxz_1_5,zxz_1_6,,,0.6686157,0.3313843,0,0,False,0,0,0,0,0,0,0,0,0
4.244796,13.07566,0.4094754,-0.7599689,-0.5105611,0.4022123,zxz_1_4,zxz_1_3,,,0.5302424,0.4697576,0,0,False,0,0,0,0,0,0,0,0,0
2.735628,14.98729,0.2040781,0.9485106,-0.2403012,0.2063568,ç∂òrùÄ3,ç∂òrùÄ2,,,0.8,0.2,0,0,False,0,0,0,0,0,0,0,0,0
2.761283,15.1293,0.2738369,0.9481314,-0.01626907,0.3174621,ç∂òrùÄ3,ç∂òrùÄ2,,,0.68,0.32,0,0,False,0,0,0,0,0,0,0,0,0
2.663921,14.89551,0.3734072,0.7209833,-0.1911716,0.6660603,ç∂òrùÄ3,ç∂òrùÄ2,,,0.8,0.2,0,0,False,0,0,0,0,0,0,0,0,0
2.650258,14.9872,0.458179,0.7951131,-0.1752777,0.5805798,ç∂òrùÄ3,ç∂òrùÄ2,,,0.67,0.33,0,0,False,0,0,0,0,0,0,0,0,0
2.554274,14.75517,0.4265336,0.4700077,-0.3580475,0.8067805,ç∂òrùÄ3,ç∂òrùÄ2,,,0.79,0.21,0,0,False,0,0,0,0,0,0,0,0,0
2.498603,14.79308,0.5256529,0.5684678,-0.4386156,0.6960321,ç∂òrùÄ3,ç∂òrùÄ2,,,0.66,0.34,0,0,False,0,0,0,0,0,0,0,0,0
2.444624,14.61482,0.3812004,0.2007113,-0.6730046,0.7118847,ç∂òrùÄ3,ç∂òrùÄ2,,,0.78,0.22,0,0,False,0,0,0,0,0,0,0,0,0
2.346937,14.59896,0.458179,0.371183,-0.7352449,0.5671315,ç∂òrùÄ3,ç∂òrùÄ2,,,0.65,0.35,0,0,False,0,0,0,0,0,0,0,0,0
2.339734,14.50336,0.2040781,0.4170613,-0.8837975,0.2120419,ç∂òrùÄ3,ç∂òrùÄ2,,,0.75,0.25,0,0,False,0,0,0,0,0,0,0,0,0
2.206185,14.45192,0.2738369,0.2354674,-0.9214218,0.3090907,ç∂òrùÄ3,ç∂òrùÄ2,,,0.6,0.4,0,0,False,0,0,0,0,0,0,0,0,0
2.079172,15.43791,0.4303515,0.13968,0.5230029,0.8408077,ç∂òrùÄ1,ç∂òrùÄ2,,,0.75,0.25,0,0,False,0,0,0,0,0,0,0,0,0
1.942393,15.25251,0.4935205,-0.2182512,0.1576573,0.9630735,ç∂òrùÄ1,ç∂òrùÄ2,,,0.75,0.25,0,0,False,0,0,0,0,0,0,0,0,0
1.824073,15.36376,0.4614357,-0.09933645,0.05145702,0.9937225,ç∂òrùÄ1,ç∂òr,,,0.93,0.06999999,0,0,False,0,0,0,0,0,0,0,0,0
1.955602,15.54941,0.4025654,0.3092155,0.3998067,0.8628676,ç∂òrùÄ1,ç∂òr,,,0.92,0.07999998,0,0,False,0,0,0,0,0,0,0,0,0
2.173186,15.56432,0.2577707,0.4001432,0.7861646,0.470989,ç∂òrùÄ1,ç∂òrùÄ2,,,0.76,0.24,0,0,False,0,0,0,0,0,0,0,0,0
2.034831,15.67036,0.2417284,0.6296603,0.6053826,0.4868673,ç∂òrùÄ1,ç∂òr,,,0.9,0.1,0,0,False,0,0,0,0,0,0,0,0,0
1.706382,14.90797,0.2577707,-0.7803074,-0.4189776,0.4643039,ç∂òrùÄ1,ç∂òrùÄ2,,,0.72,0.28,0,0,False,0,0,0,0,0,0,0,0,0
1.617881,15.04354,0.2417284,-0.7249666,-0.4897912,0.4842809,ç∂òrùÄ1,ç∂òr,,,0.98,0.01999998,0,0,False,0,0,0,0,0,0,0,0,0
1.807634,15.06473,0.4303515,-0.5476464,-0.1817404,0.8167337,ç∂òrùÄ1,ç∂òrùÄ2,,,0.74,0.26,0,0,False,0,0,0,0,0,0,0,0,0
1.707835,15.19113,0.4025654,-0.4606823,-0.2725528,0.8446816,ç∂òrùÄ1,ç∂òr,,,0.95,0.05000001,0,0,False,0,0,0,0,0,0,0,0,0
1.706057,15.48653,0.4606876,0.2044624,-0.1354937,0.9694517,ç∂òrùÄ1,ç∂òr,,,0.6,0.4,0,0,False,0,0,0,0,0,0,0,0,0
1.831279,15.684,0.3987693,0.5222287,0.2085357,0.826916,ç∂òrùÄ1,ç∂òr,,,0.57,0.43,0,0,False,0,0,0,0,0,0,0,0,0
1.929973,15.83683,0.2569816,0.788875,0.3613226,0.4971139,ç∂òrùÄ1,ç∂òr,,,0.54,0.46,0,0,False,0,0,0,0,0,0,0,0,0
1.505577,15.18259,0.2368754,-0.5069367,-0.690226,0.5163363,ç∂òrùÄ1,ç∂òr,,,0.64,0.36,0,0,False,0,0,0,0,0,0,0,0,0
1.597842,15.31646,0.397574,-0.2338765,-0.4847283,0.8428168,ç∂òrùÄ1,ç∂òr,,,0.63,0.37,0,0,False,0,0,0,0,0,0,0,0,0
1.66715,15.92123,0.4786569,0.5955546,0.1460225,0.7899316,ç∂òr,ç∂òrùÄ1,,,0.97,0.02999997,0,0,False,0,0,0,0,0,0,0,0,0
1.64299,15.82606,0.5080059,0.548957,0.088484,0.8311539,ç∂òr,ç∂òrùÄ1,,,0.89,0.11,0,0,False,0,0,0,0,0,0,0,0,0
1.800677,16.07958,0.300429,0.7548451,0.2841248,0.59117,ç∂òr,ç∂òrùÄ1,,,0.94,0.06,0,0,False,0,0,0,0,0,0,0,0,0
1.870306,16.11744,0.161857,0.895387,0.2928887,0.3354079,ç∂òr,ç∂òrùÄ1,,,0.88,0.12,0,0,False,0,0,0,0,0,0,0,0,0
1.307287,15.3141,0.2945425,-0.30143,-0.7578807,0.5785816,ç∂òr,ç∂òrùÄ1,,,0.82,0.18,0,0,False,0,0,0,0,0,0,0,0,0
1.344223,15.39343,0.4031627,-0.2103948,-0.6902242,0.6923329,ç∂òr,ç∂òrùÄ1,,,0.86,0.14,0,0,False,0,0,0,0,0,0,0,0,0
1.424334,15.45536,0.4779987,-0.1505686,-0.6294684,0.7622983,ç∂òr,ç∂òrùÄ1,,,0.8,0.2,0,0,False,0,0,0,0,0,0,0,0,0
2.722447,15.24941,0.3193869,0.8181905,0.3595397,0.4486597,ç∂òrùÄ2,ç∂òrùÄ3,,,0.52,0.48,0,0,False,0,0,0,0,0,0,0,0,0
2.091249,14.45941,0.3193869,-0.1179353,-0.8885937,0.4432748,ç∂òrùÄ2,ç∂òrùÄ3,,,0.59,0.41,0,0,False,0,0,0,0,0,0,0,0,0
2.223813,14.63044,0.5370739,0.07513671,-0.631645,0.7716081,ç∂òrùÄ2,ç∂òrùÄ3,,,0.58,0.42,0,0,False,0,0,0,0,0,0,0,0,0
2.402905,14.85967,0.6167527,0.3449762,-0.2699769,0.898946,ç∂òrùÄ2,ç∂òrùÄ3,,,0.57,0.43,0,0,False,0,0,0,0,0,0,0,0,0
2.581999,15.0889,0.5370739,0.6153489,0.09579834,0.7824119,ç∂òrùÄ2,ç∂òrùÄ3,,,0.55,0.45,0,0,False,0,0,0,0,0,0,0,0,0
1.571001,15.64461,0.5556036,0.4448354,-0.1501038,0.8829441,ç∂òr,ç∂òrùÄ1,,,0.79,0.21,0,0,False,0,0,0,0,0,0,0,0,0
1.527508,15.57909,0.5548342,0.3022094,-0.3275723,0.8951905,ç∂òr,ç∂òrùÄ1,,,0.78,0.22,0,0,False,0,0,0,0,0,0,0,0,0
1.307983,15.23836,0.1489756,-0.392073,-0.8466589,0.359788,ç∂òr,ç∂òrùÄ1,,,0.73,0.27,0,0,False,0,0,0,0,0,0,0,0,0
1.641977,15.70385,0.51575,0.5262676,-0.01685996,0.8501518,ç∂òr,ç∂òrùÄ1,,,0.75,0.25,0,0,False,0,0,0,0,0,0,0,0,0
1.508691,15.48991,0.5160239,0.1108184,-0.5089201,0.8536508,ç∂òr,ç∂òrùÄ1,,,0.71,0.29,0,0,False,0,0,0,0,0,0,0,0,0
1.717763,16.00782,0.4197157,0.6719667,0.2071056,0.7110332,ç∂òr,ç∂òrùÄ1,,,0.99,0.00999999,0,0,False,0,0,0,0,0,0,0,0,0
2.805872,14.97798,0.2178037,0.4125579,0.7506913,0.5160025,ç∂òrùÄ3,ç∂òrùÄ2,,,0.93,0.06999999,0,0,False,0,0,0,0,0,0,0,0,0
2.735628,14.98729,0.2040781,0.1608873,0.8919806,0.4224758,ç∂òrùÄ3,ç∂òrùÄ2,,,0.8,0.2,0,0,False,0,0,0,0,0,0,0,0,0
2.720735,14.86901,0.3611265,0.4955624,0.3110942,0.8109491,ç∂òrùÄ3,ç∂òrùÄ2,,,0.92,0.07999998,0,0,False,0,0,0,0,0,0,0,0,0
2.663921,14.89551,0.3734072,0.22353,0.768266,0.5998347,ç∂òrùÄ3,ç∂òrùÄ2,,,0.8,0.2,0,0,False,0,0,0,0,0,0,0,0,0
2.663921,14.89551,0.3734072,0.7209833,-0.1911716,0.6660603,ç∂òrùÄ3,ç∂òrùÄ2,,,0.8,0.2,0,0,False,0,0,0,0,0,0,0,0,0
2.604702,14.7205,0.4130713,0.2837926,-0.212722,0.9349926,ç∂òrùÄ3,ç∂òrùÄ2,,,0.91,0.08999997,0,0,False,0,0,0,0,0,0,0,0,0
2.554274,14.75517,0.4265336,0.4700077,-0.3580475,0.8067805,ç∂òrùÄ3,ç∂òrùÄ2,,,0.79,0.21,0,0,False,0,0,0,0,0,0,0,0,0
2.444624,14.61482,0.3812004,0.2007113,-0.6730046,0.7118847,ç∂òrùÄ3,ç∂òrùÄ2,,,0.78,0.22,0,0,False,0,0,0,0,0,0,0,0,0
2.493924,14.57871,0.3648146,-0.03954,-0.5588394,0.8283326,ç∂òrùÄ3,ç∂òrùÄ2,,,0.9,0.1,0,0,False,0,0,0,0,0,0,0,0,0
2.339734,14.50336,0.2040781,-0.678504,-0.5513306,0.4854554,ç∂òrùÄ3,ç∂òrùÄ2,,,0.75,0.25,0,0,False,0,0,0,0,0,0,0,0,0
2.385751,14.44025,0.2178037,-0.345876,-0.800009,0.4902605,ç∂òrùÄ3,ç∂òrùÄ2,,,0.9,0.1,0,0,False,0,0,0,0,0,0,0,0,0
3.346495,14.53827,0.2063855,0.460506,0.775714,0.4315111,ç∂òrùÄ,ç∂Ç–Ç∂,ç∂òrùÄ,â∫îºêg,0.6684062,0.2848554,0.04673838,0,False,0,0,0,0,0,0,0,0,0
3.294993,14.46368,0.33289,0.278133,0.504758,0.817228,ç∂òrùÄ,ç∂Ç–Ç∂,ç∂òrùÄ,â∫îºêg,0.5136113,0.2470168,0.2393719,0,False,0,0,0,0,0,0,0,0,0
3.035734,14.63024,0.320204,0.2970201,0.4890198,0.8201457,ç∂òrùÄ,ç∂Ç–Ç∂,,,0.9499962,0.05000383,0,0,False,0,0,0,0,0,0,0,0,0
3.090621,14.70049,0.1972983,0.4889373,0.7563137,0.4346607,ç∂òrùÄ,ç∂Ç–Ç∂,,,0.9499962,0.05000383,0,0,False,0,0,0,0,0,0,0,0,0
2.813997,14.34643,0.3199079,-0.3236764,-0.3842352,0.8646369,ç∂òrùÄ,ç∂Ç–Ç∂,,,0.9499962,0.05000383,0,0,False,0,0,0,0,0,0,0,0,0
2.932295,14.49784,0.3680275,-0.02358101,0.03094996,0.9992427,ç∂òrùÄ,ç∂Ç–Ç∂,,,0.9499962,0.05000383,0,0,False,0,0,0,0,0,0,0,0,0
3.193903,14.31943,0.3838059,-0.03092295,0.05221904,0.9981567,ç∂òrùÄ,ç∂òrùÄ,ç∂Ç–Ç∂,â∫îºêg,0.6967269,0.2190127,0.08426032,0,False,0,0,0,0,0,0,0,0,0
3.078311,14.15411,0.3360142,-0.3264225,-0.3619516,0.8731778,ç∂òrùÄ,ç∂òrùÄ,ç∂Ç–Ç∂,â∫îºêg,0.701915,0.2103609,0.08772412,0,False,0,0,0,0,0,0,0,0,0
2.736378,14.24708,0.1900034,-0.5447574,-0.6733587,0.4998275,ç∂òrùÄ,ç∂Ç–Ç∂,,,0.9499962,0.05000383,0,0,False,0,0,0,0,0,0,0,0,0
2.996976,14.03746,0.195831,-0.5486709,-0.6649534,0.5067518,ç∂òrùÄ,ç∂Ç–Ç∂,ç∂òrùÄ,â∫îºêg,0.6651713,0.2224918,0.1123369,0,False,0,0,0,0,0,0,0,0,0
2.837606,14.8777,0.1933246,0.7444564,0.50041,0.4420119,ç∂òrùÄ3,ç∂òrùÄ,,,0.91,0.09000003,0,0,False,0,0,0,0,0,0,0,0,0
2.776419,14.79938,0.3187274,0.5265137,0.255711,0.8107991,ç∂òrùÄ3,ç∂òrùÄ,,,0.91,0.09000003,0,0,False,0,0,0,0,0,0,0,0,0
2.564424,14.52805,0.3067155,-0.07615715,-0.5706964,0.817622,ç∂òrùÄ3,ç∂òrùÄ,,,0.93,0.06999999,0,0,False,0,0,0,0,0,0,0,0,0
2.676841,14.67193,0.3637216,0.208078,-0.1651448,0.9640698,ç∂òrùÄ3,ç∂òrùÄ,,,0.92,0.07999998,0,0,False,0,0,0,0,0,0,0,0,0
2.496137,14.44064,0.1933246,-0.2364986,-0.8386776,0.4906,ç∂òrùÄ3,ç∂òrùÄ,,,0.93,0.06999999,0,0,False,0,0,0,0,0,0,0,0,0
2.805872,14.97798,0.2178037,0.9465312,0.249664,0.2043198,ç∂òrùÄ3,ç∂òrùÄ2,,,0.93,0.06999999,0,0,False,0,0,0,0,0,0,0,0,0
2.635272,15.35121,0.3366788,0.5311172,0.6903597,0.4912414,ç∂òrùÄ2,ç∂òrùÄ3,,,0.78,0.22,0,0,False,0,0,0,0,0,0,0,0,0
1.976241,14.51296,0.3366788,-0.533933,-0.6840868,0.4969314,ç∂òrùÄ2,ç∂òrùÄ3,,,0.83,0.17,0,0,False,0,0,0,0,0,0,0,0,0
2.11367,14.69154,0.5670243,-0.3124687,-0.4001077,0.8615551,ç∂òrùÄ2,ç∂òrùÄ3,,,0.82,0.18,0,0,False,0,0,0,0,0,0,0,0,0
2.303178,14.9341,0.6513367,-0.001365328,-0.002181959,0.9999966,ç∂òrùÄ2,ç∂òrùÄ3,,,0.81,0.19,0,0,False,0,0,0,0,0,0,0,0,0
2.492685,15.17666,0.5670243,0.3070396,0.3994513,0.8638087,ç∂òrùÄ2,ç∂òrùÄ3,,,0.8,0.2,0,0,False,0,0,0,0,0,0,0,0,0
2.490269,15.42126,0.3155244,0.311629,0.8271357,0.46769,ç∂òrùÄ2,ç∂òrùÄ1,,,0.91,0.08999997,0,0,False,0,0,0,0,0,0,0,0,0
1.87847,14.63708,0.3155244,-0.7599081,-0.4482584,0.4707485,ç∂òrùÄ2,ç∂òrùÄ1,,,0.87,0.13,0,0,False,0,0,0,0,0,0,0,0,0
2.007331,14.80313,0.5303837,-0.5477777,-0.1858182,0.8157274,ç∂òrùÄ2,ç∂òrùÄ1,,,0.88,0.12,0,0,False,0,0,0,0,0,0,0,0,0
2.184101,15.02938,0.6090279,-0.2398729,0.1791464,0.9541318,ç∂òrùÄ2,ç∂òrùÄ1,,,0.89,0.11,0,0,False,0,0,0,0,0,0,0,0,0
2.360867,15.25563,0.5303837,0.0819443,0.5542864,0.8282824,ç∂òrùÄ2,ç∂òrùÄ1,,,0.9,0.1,0,0,False,0,0,0,0,0,0,0,0,0
3.67617,14.36049,0.2220429,0.3752284,0.8082903,0.4537298,ç∂Ç–Ç∂,ç∂òrùÄ,ç∂òrùÄ,â∫îºêg,0.7771115,0.1982147,0.02467384,0,False,0,0,0,0,0,0,0,0,0
3.613358,14.26602,0.357256,0.198176,0.5288544,0.825251,ç∂Ç–Ç∂,ç∂òrùÄ,ç∂òrùÄ,â∫îºêg,0.7609217,0.202182,0.03689631,0,False,0,0,0,0,0,0,0,0,0
3.389746,13.92743,0.3661603,-0.3617049,-0.3337875,0.8704916,ç∂Ç–Ç∂,ç∂òrùÄ,ç∂òrùÄ,â∫îºêg,0.772015,0.1877928,0.04019227,0,False,0,0,0,0,0,0,0,0,0
3.507224,14.10556,0.4184225,-0.09056268,0.09490316,0.9913585,ç∂Ç–Ç∂,ç∂òrùÄ,ç∂òrùÄ,â∫îºêg,0.7624628,0.1965209,0.04101625,0,False,0,0,0,0,0,0,0,0,0
3.302047,13.79336,0.2205354,-0.5531362,-0.6584646,0.5103576,ç∂Ç–Ç∂,ç∂òrùÄ,ç∂òrùÄ,â∫îºêg,0.7884947,0.1626154,0.04888991,0,False,0,0,0,0,0,0,0,0,0
3.487813,14.45686,0.2113459,0.4212531,0.7934195,0.4393534,ç∂Ç–Ç∂,ç∂òrùÄ,ç∂òrùÄ,â∫îºêg,0.5777981,0.4032502,0.0189517,0,False,0,0,0,0,0,0,0,0,0
3.43563,14.37364,0.3390079,0.2464371,0.5165654,0.8200177,ç∂Ç–Ç∂,ç∂òrùÄ,ç∂òrùÄ,â∫îºêg,0.4344091,0.3005112,0.2650797,0,False,0,0,0,0,0,0,0,0,0
3.229493,14.04409,0.3468001,-0.3408409,-0.3410331,0.8760845,ç∂òrùÄ,ç∂Ç–Ç∂,ç∂òrùÄ,â∫îºêg,0.6368811,0.2348821,0.1282368,0,False,0,0,0,0,0,0,0,0,0
3.339495,14.2201,0.3947801,-0.05253201,0.07315504,0.9959361,ç∂òrùÄ,ç∂Ç–Ç∂,ç∂òrùÄ,â∫îºêg,0.6748406,0.2241279,0.1010315,0,False,0,0,0,0,0,0,0,0,0
3.149425,13.91518,0.2062304,-0.555761,-0.6540869,0.5131276,ç∂Ç–Ç∂,ç∂òrùÄ,ç∂òrùÄ,â∫îºêg,0.4750824,0.4750824,0.04983521,0,False,0,0,0,0,0,0,0,0,0
3.510067,14.12568,0.3780951,0.7851231,-0.5784662,-0.2212658,ç∂Ç–Ç∂,ç∂òrùÄ,,,0.7728237,0.2271763,0,0,False,0,0,0,0,0,0,0,0,0
3.507222,14.10556,0.4184225,0.8043222,-0.5462831,-0.2337529,ç∂Ç–Ç∂,ç∂òrùÄ,ç∂òrùÄ,â∫îºêg,0.7624628,0.1965209,0.04101625,0,False,0,0,0,0,0,0,0,0,0
3.613357,14.26602,0.357256,0.7599956,-0.6256092,-0.1761241,ç∂Ç–Ç∂,ç∂òrùÄ,ç∂òrùÄ,â∫îºêg,0.7609217,0.202182,0.03689631,0,False,0,0,0,0,0,0,0,0,0
3.515767,14.11685,-0.2504502,0.838556,-0.5446627,-0.01290154,ç∂Ç–Ç∂,ç∂òrùÄ,,,0.7499962,0.2500038,0,0,False,0,0,0,0,0,0,0,0,0
3.507222,14.10556,-0.3743805,0.8371494,-0.5464674,-0.02354657,ç∂Ç–Ç∂,ç∂òrùÄ,,,0.7849393,0.2150607,0,0,False,0,0,0,0,0,0,0,0,0
3.389745,13.92743,-0.3221183,0.8286663,-0.5593461,-0.02107359,ç∂Ç–Ç∂,ç∂òrùÄ,,,0.8158541,0.1841459,0,0,False,0,0,0,0,0,0,0,0,0
3.419114,13.95956,-0.2222117,0.8277659,-0.5607276,-0.01970412,ç∂Ç–Ç∂,ç∂òrùÄ,,,0.7499962,0.2500038,0,0,False,0,0,0,0,0,0,0,0,0
3.302047,13.79336,-0.1764934,0.8295929,-0.5583676,-0.001208146,ç∂Ç–Ç∂,ç∂òrùÄ,,,0.8238651,0.1761349,0,0,False,0,0,0,0,0,0,0,0,0
3.334289,13.84639,-0.09234878,0.8415635,-0.5401185,0.006561078,ç∂Ç–Ç∂,ç∂òrùÄ,,,0.7499962,0.2500038,0,0,False,0,0,0,0,0,0,0,0,0
3.273383,13.74813,0.02202101,0.8761853,-0.4816354,0.01807624,ç∂Ç–Ç∂,ç∂òrùÄ,ç∂òrùÄ,â∫îºêg,0.8548562,0.1271382,0.01800565,0,False,0,0,0,0,0,0,0,0,0
3.304022,13.80776,0.07056563,0.8880093,-0.4597659,-0.007406401,ç∂Ç–Ç∂,ç∂òrùÄ,,,0.7549706,0.2450294,0,0,False,0,0,0,0,0,0,0,0,0
3.302047,13.79336,0.2205354,0.8816961,-0.4693505,-0.04818729,ç∂Ç–Ç∂,ç∂òrùÄ,ç∂òrùÄ,â∫îºêg,0.7884947,0.1626154,0.04888991,0,False,0,0,0,0,0,0,0,0,0
3.676167,14.36049,-0.1780008,0.8083456,-0.58846,0.01709412,ç∂Ç–Ç∂,ç∂òrùÄ,,,0.8681926,0.1318074,0,0,False,0,0,0,0,0,0,0,0,0
3.613358,14.26602,-0.3132139,0.8302469,-0.5563865,0.03352971,ç∂Ç–Ç∂,ç∂òrùÄ,,,0.812253,0.187747,0,0,False,0,0,0,0,0,0,0,0,0
3.604542,14.26024,-0.2269477,0.821221,-0.5691479,0.04082517,ç∂Ç–Ç∂,ç∂òrùÄ,,,0.7501488,0.2498512,0,0,False,0,0,0,0,0,0,0,0,0
3.610564,14.30216,0.2117556,0.7141615,-0.689762,-0.119172,ç∂Ç–Ç∂,ç∂òrùÄ,,,0.7499962,0.2500038,0,0,False,0,0,0,0,0,0,0,0,0
3.676168,14.36049,0.2220429,0.7055632,-0.7045944,-0.07567926,ç∂Ç–Ç∂,ç∂òrùÄ,ç∂òrùÄ,â∫îºêg,0.7771115,0.1982147,0.02467384,0,False,0,0,0,0,0,0,0,0,0
3.705603,14.40318,0.02202099,0.7366409,-0.6762782,-0.002786232,ç∂Ç–Ç∂,ç∂òrùÄ,,,0.8789044,0.1210956,0,0,False,0,0,0,0,0,0,0,0,0
3.677929,14.36582,-0.02900893,0.778864,-0.6271517,0.007173559,ç∂Ç–Ç∂,ç∂òrùÄ,,,0.7692836,0.2307164,0,0,False,0,0,0,0,0,0,0,0,0
3.447227,14.03119,0.371581,0.8370607,-0.457578,-0.2999194,ç∂Ç–Ç∂,ç∂òrùÄ,ç∂òrùÄ,â∫îºêg,0.7415122,0.2290379,0.02944991,0,False,0,0,0,0,0,0,0,0,0
3.389745,13.92743,0.3661603,0.8729301,-0.471825,-0.1239921,ç∂Ç–Ç∂,ç∂òrùÄ,ç∂òrùÄ,â∫îºêg,0.772015,0.1877928,0.04019227,0,False,0,0,0,0,0,0,0,0,0
3.370304,13.9164,0.2522365,0.8788426,-0.4686397,-0.08951403,ç∂Ç–Ç∂,ç∂òrùÄ,,,0.7499962,0.2500038,0,0,False,0,0,0,0,0,0,0,0,0
