PMX Bone Weight
0.9997427,14.27785,-0.0216445,0.9335992,-0.1376288,0.3308336,上半身,上半身2,上半身,下半身,0.6232758,0.3563385,0.02038574,0,False,0,0,0,0,0,0,0,0,0
1.026793,13.90311,-0.01418024,0.9129781,0.1216083,0.3894643,上半身,上半身,上半身2,下半身,0.6854858,0.2370148,0.07749939,0,False,0,0,0,0,0,0,0,0,0
1.073719,13.90311,-0.2769179,0.9918048,0.1277409,0.002389465,上半身,上半身,上半身2,下半身,0.6929991,0.2289499,0.07805109,0,False,0,0,0,0,0,0,0,0,0
1.032544,14.27785,-0.2942811,0.9984158,-0.05163592,-0.02235045,上半身,上半身2,上半身,下半身,0.6758984,0.2926986,0.03140307,0,False,0,0,0,0,0,0,0,0,0
0.8686575,13.90311,0.2047214,0.7149224,0.09959296,0.6920745,上半身,上半身,上半身2,下半身,0.6913252,0.2278477,0.08082704,0,False,0,0,0,0,0,0,0,0,0
0.8411385,14.27785,0.2120313,0.7082934,-0.2927501,0.6423532,上半身,上半身2,上半身,下半身,0.6726482,0.3001602,0.02719158,0,False,0,0,0,0,0,0,0,0,0
0.6345934,13.90311,0.3796759,0.3989037,0.06705016,0.9145383,上半身,上半身,上半身2,下半身,0.6948959,0.2228733,0.08223087,0,False,0,0,0,0,0,0,0,0,0
0.6048671,14.27785,0.3897583,0.3758599,-0.3962198,0.8376988,上半身,上半身2,上半身,下半身,0.6695709,0.3118286,0.01860046,0,False,0,0,0,0,0,0,0,0,0
0.3317991,13.90311,0.4403116,0.1202451,0.03392312,0.9921644,上半身,上半身,上半身2,下半身,0.6926222,0.2246586,0.08271915,0,False,0,0,0,0,0,0,0,0,0
0.3058985,14.27785,0.4413351,0.09173725,-0.3860312,0.9179129,上半身,上半身2,上半身,下半身,0.6361334,0.3508049,0.01306172,0,False,0,0,0,0,0,0,0,0,0
-2.535234E-14,13.9031,0.4567356,1.186574E-09,0.03434084,0.9994101,上半身,上半身,上半身2,下半身,0.7245288,0.2229953,0.05247578,0,False,0,0,0,0,0,0,0,0,0
-3.622461E-15,14.27785,0.4510522,0,-0.3709427,0.9286556,上半身,上半身2,上半身,下半身,0.6264133,0.3420767,0.03150988,0,False,0,0,0,0,0,0,0,0,0
1.026793,13.90311,-0.5764181,0.9345375,0.1048144,-0.3400786,上半身,上半身,上半身2,下半身,0.6336461,0.2937362,0.07261769,0,False,0,0,0,0,0,0,0,0,0
0.9872881,14.27785,-0.5848053,0.9411651,-0.08910451,-0.3259886,上半身,上半身2,上半身,下半身,0.6675059,0.3063554,0.0261387,0,False,0,0,0,0,0,0,0,0,0
-4.791667E-14,13.64227,-1.223584,0,0.02037049,-0.9997925,上半身,上半身,,,0.5784848,0.4215152,0,0,False,0,0,0,0,0,0,0,0,0
-2.701345E-14,13.90311,-1.217311,3.573502E-09,0.008741472,-0.9999617,上半身,上半身,上半身2,下半身,0.6415961,0.237583,0.1208209,0,False,0,0,0,0,0,0,0,0,0
0.3317987,13.90311,-1.182298,0.233989,0.01247232,-0.9721592,上半身,上半身,上半身2,下半身,0.6968689,0.2193909,0.08374023,0,False,0,0,0,0,0,0,0,0,0
0.3447692,13.64227,-1.187582,0.2295454,0.03251392,-0.9727547,上半身,上半身,,,0.5879759,0.4120241,0,0,False,0,0,0,0,0,0,0,0,0
1.11569,13.64227,-0.2553768,0.9737951,0.2273755,0.004853913,上半身,上半身,下半身,下半身,0.5658503,0.428397,0.005752651,0,False,0,0,0,0,0,0,0,0,0
1.06693,13.64227,0.00704514,0.8854876,0.2702109,0.3780181,上半身,上半身,下半身,下半身,0.5753414,0.4204318,0.004226749,0,False,0,0,0,0,0,0,0,0,0
0.9026133,13.64227,-0.8318802,0.7907197,0.1107331,-0.6020803,上半身,上半身,,,0.576791,0.423209,0,0,False,0,0,0,0,0,0,0,0,0
0.8686579,13.90311,-0.8449056,0.7839797,0.07538117,-0.6161928,上半身,上半身,上半身2,下半身,0.673645,0.2483063,0.07804871,0,False,0,0,0,0,0,0,0,0,0
1.066929,13.64227,-0.5597035,0.9222355,0.168613,-0.3479237,上半身,上半身,下半身,下半身,0.5749294,0.4200961,0.004974441,0,False,0,0,0,0,0,0,0,0,0
0.6888498,13.64227,-1.056409,0.5442583,0.0844429,-0.834657,上半身,上半身,,,0.5892577,0.4107423,0,0,False,0,0,0,0,0,0,0,0,0
0.6345934,13.90311,-1.065379,0.5279822,0.04847848,-0.8478706,上半身,上半身,上半身2,下半身,0.7352407,0.1764096,0.08834974,0,False,0,0,0,0,0,0,0,0,0
0.9026129,13.64227,0.2244301,0.6929662,0.286156,0.6617498,上半身,上半身,下半身,下半身,0.579895,0.4186096,0.001495361,0,False,0,0,0,0,0,0,0,0,0
0.6888493,13.64227,0.3937317,0.4040539,0.2969069,0.865209,上半身,上半身,下半身,下半身,0.5823364,0.4143677,0.003295898,0,False,0,0,0,0,0,0,0,0,0
0.3447694,13.64227,0.4570723,0.1113234,0.2644338,0.957957,上半身,上半身,下半身,下半身,0.5878233,0.4111544,0.001022354,0,False,0,0,0,0,0,0,0,0,0
-4.808223E-14,13.64227,0.4728324,0,0.2560488,0.9666638,上半身,上半身,,,0.5770657,0.4229343,0,0,False,0,0,0,0,0,0,0,0,0
-7.179518E-15,14.2811,-1.217779,0,-0.001238273,-0.9999993,上半身,上半身2,上半身,下半身,0.6795557,0.2574084,0.06303598,0,False,0,0,0,0,0,0,0,0,0
0.3162477,14.28128,-1.188046,0.2260949,-0.002693486,-0.9741015,上半身,上半身2,上半身,下半身,0.6568093,0.3359274,0.007263294,0,False,0,0,0,0,0,0,0,0,0
0.8281835,14.2791,-0.8583646,0.7808904,-0.212391,-0.5874521,上半身,上半身2,上半身,下半身,0.6422369,0.3511406,0.006622416,0,False,0,0,0,0,0,0,0,0,0
0.601958,14.28105,-1.079033,0.5289176,0.01604089,-0.8485216,上半身,上半身2,,,0.6517434,0.3482566,0,0,False,0,0,0,0,0,0,0,0,0
-1.073719,13.90311,-0.2769179,-0.9918047,0.1277408,0.002389465,上半身,上半身,上半身2,下半身,0.6741691,0.2506028,0.07522812,0,False,0,0,0,0,0,0,0,0,0
-1.026793,13.90311,-0.01418024,-0.912978,0.1216083,0.3894642,上半身,上半身,上半身2,下半身,0.6843213,0.2374456,0.078233,0,False,0,0,0,0,0,0,0,0,0
-0.9997427,14.27785,-0.0216445,-0.9335991,-0.1376288,0.3308336,上半身,上半身2,上半身,下半身,0.6915694,0.2976425,0.01078813,0,False,0,0,0,0,0,0,0,0,0
-1.032544,14.27785,-0.2942811,-0.9984159,-0.05163592,-0.02235045,上半身,上半身2,上半身,下半身,0.6860609,0.298024,0.01591516,0,False,0,0,0,0,0,0,0,0,0
-0.8686575,13.90311,0.2047213,-0.7149224,0.09959297,0.6920746,上半身,上半身,上半身2,下半身,0.6815747,0.2341955,0.0842298,0,False,0,0,0,0,0,0,0,0,0
-0.8411384,14.27785,0.2120313,-0.7082935,-0.2927501,0.6423533,上半身,上半身2,上半身,下半身,0.6779279,0.2928359,0.02923629,0,False,0,0,0,0,0,0,0,0,0
-0.6345934,13.90311,0.3796759,-0.3989038,0.06705017,0.9145383,上半身,上半身,上半身2,下半身,0.6928864,0.2241364,0.08297729,0,False,0,0,0,0,0,0,0,0,0
-0.6048671,14.27785,0.3897583,-0.3758599,-0.3962198,0.8376987,上半身,上半身2,上半身,下半身,0.6638132,0.2996872,0.03649958,0,False,0,0,0,0,0,0,0,0,0
-0.3317991,13.90311,0.4403116,-0.1202451,0.03392312,0.9921644,上半身,上半身,上半身2,下半身,0.691722,0.2257114,0.08256657,0,False,0,0,0,0,0,0,0,0,0
-0.3058985,14.27785,0.441335,-0.09173726,-0.3860313,0.917913,上半身,上半身2,上半身,下半身,0.6398871,0.3459983,0.0141146,0,False,0,0,0,0,0,0,0,0,0
-2.535234E-14,13.9031,0.4567356,1.186574E-09,0.03434084,0.9994101,上半身,上半身,上半身2,下半身,0.7245288,0.2229953,0.05247578,0,False,0,0,0,0,0,0,0,0,0
-3.622461E-15,14.27785,0.4510522,0,-0.3709427,0.9286556,上半身,上半身2,上半身,下半身,0.6264133,0.3420767,0.03150988,0,False,0,0,0,0,0,0,0,0,0
-1.026793,13.90311,-0.5764181,-0.9345376,0.1048144,-0.3400786,上半身,上半身,上半身2,下半身,0.6868391,0.2336309,0.07953002,0,False,0,0,0,0,0,0,0,0,0
-0.9872881,14.27785,-0.5848053,-0.9411651,-0.08910451,-0.3259886,上半身,上半身2,上半身,下半身,0.6637217,0.3032273,0.03305104,0,False,0,0,0,0,0,0,0,0,0
-0.3317987,13.90311,-1.182298,-0.233989,0.01247232,-0.9721592,上半身,上半身,上半身2,下半身,0.6852979,0.2314794,0.0832227,0,False,0,0,0,0,0,0,0,0,0
-0.3447692,13.64227,-1.187582,-0.2295454,0.03251391,-0.9727547,上半身,上半身,,,0.5703822,0.4296178,0,0,False,0,0,0,0,0,0,0,0,0
-1.11569,13.64227,-0.2553768,-0.9737951,0.2273756,0.004853913,上半身,上半身,下半身,下半身,0.5658503,0.4278172,0.006332494,0,False,0,0,0,0,0,0,0,0,0
-1.06693,13.64227,0.007045139,-0.8854877,0.2702109,0.3780181,上半身,上半身,下半身,下半身,0.560647,0.4355993,0.003753719,0,False,0,0,0,0,0,0,0,0,0
-0.8686579,13.90311,-0.8449056,-0.7839797,0.07538117,-0.6161928,上半身,上半身,上半身2,下半身,0.6713359,0.247715,0.08094911,0,False,0,0,0,0,0,0,0,0,0
-0.9026133,13.64227,-0.8318802,-0.7919981,0.1127051,-0.6000303,上半身,上半身,下半身,下半身,0.579675,0.4183261,0.001998932,0,False,0,0,0,0,0,0,0,0,0
-1.066929,13.64227,-0.5597035,-0.9222356,0.1686131,-0.3479237,上半身,上半身,下半身,下半身,0.5508812,0.443946,0.005172809,0,False,0,0,0,0,0,0,0,0,0
-0.6345934,13.90311,-1.065379,-0.5279822,0.04847848,-0.8478707,上半身,上半身,上半身2,下半身,0.6942596,0.2222443,0.08349609,0,False,0,0,0,0,0,0,0,0,0
-0.6888498,13.64227,-1.056409,-0.5418451,0.08703701,-0.8359595,上半身,上半身,,,0.5682612,0.4317388,0,0,False,0,0,0,0,0,0,0,0,0
-0.9026129,13.64227,0.2244301,-0.6929662,0.286156,0.6617498,上半身,上半身,下半身,下半身,0.5666743,0.4303197,0.003006027,0,False,0,0,0,0,0,0,0,0,0
-0.6888493,13.64227,0.3937317,-0.4040539,0.2969069,0.865209,上半身,上半身,下半身,下半身,0.5690242,0.4277867,0.003189136,0,False,0,0,0,0,0,0,0,0,0
-0.3447694,13.64227,0.4570723,-0.1113235,0.2644338,0.9579571,上半身,上半身,下半身,下半身,0.5768826,0.421912,0.001205463,0,False,0,0,0,0,0,0,0,0,0
-4.808223E-14,13.64227,0.4728324,0,0.2560488,0.9666638,上半身,上半身,,,0.5770657,0.4229343,0,0,False,0,0,0,0,0,0,0,0,0
-0.3162477,14.28128,-1.188046,-0.2260949,-0.002693486,-0.9741014,上半身,上半身2,上半身,下半身,0.672755,0.3095292,0.01771572,0,False,0,0,0,0,0,0,0,0,0
-0.8281835,14.2791,-0.8583647,-0.779531,0.05709049,-0.6237562,上半身,上半身2,上半身,下半身,0.6606952,0.3015534,0.0377514,0,False,0,0,0,0,0,0,0,0,0
-0.601958,14.28105,-1.079033,-0.5289175,0.01604089,-0.8485215,上半身,上半身2,上半身,下半身,0.6227664,0.3599145,0.01731899,0,False,0,0,0,0,0,0,0,0,0
-1.20814,13.34294,-0.2009884,-0.9401633,0.3407036,0.003764548,上半身,上半身,下半身,下半身,0.6160583,0.3244324,0.05950928,0,False,0,0,0,0,0,0,0,0,0
-1.154996,13.34294,0.09767335,-0.8412913,0.4064696,0.3563865,上半身,上半身,下半身,下半身,0.6167544,0.3240253,0.05922027,0,False,0,0,0,0,0,0,0,0,0
-0.9759098,13.34294,0.3460127,-0.6490586,0.4520192,0.6118836,上半身,上半身,下半身,下半身,0.6212006,0.3151245,0.06367493,0,False,0,0,0,0,0,0,0,0,0
-0.7568478,13.34294,0.5247787,-0.3756419,0.4820433,0.7915348,上半身,上半身,下半身,下半身,0.6117342,0.3153277,0.07293812,0,False,0,0,0,0,0,0,0,0,0
-0.3766063,13.34293,0.6019,-0.1037469,0.4746818,0.8740215,上半身,上半身,下半身,下半身,0.5996491,0.3244373,0.07591363,0,False,0,0,0,0,0,0,0,0,0
-6.613118E-14,13.34293,0.6179118,0,0.4704373,0.8824334,上半身,上半身,下半身,下半身,0.5816434,0.3219501,0.0964065,0,False,0,0,0,0,0,0,0,0,0
-0.9520414,12.66413,0.8274145,-0.4619071,0.4409861,0.7695277,下半身,上半身,,,0.5456169,0.4543831,0,0,False,0,0,0,0,0,0,0,0,0
-0.8533284,12.6641,0.8769104,-0.2876325,0.4403294,0.8505161,下半身,上半身,,,0.5165637,0.4834363,0,0,False,0,0,0,0,0,0,0,0,0
-0.8347132,12.85973,0.7772965,-0.3159313,0.4728778,0.822541,上半身,下半身,上半身,下半身,0.6490577,0.3454032,0.005539025,0,False,0,0,0,0,0,0,0,0,0
-0.9336576,12.85976,0.7152243,-0.4901176,0.465691,0.7368287,上半身,下半身,上半身,下半身,0.6490883,0.3441672,0.006744488,0,False,0,0,0,0,0,0,0,0,0
-0.4750551,12.66413,0.9504316,-0.102279,0.4535972,0.8853182,上半身,下半身,,,0.5146716,0.4853284,0,0,False,0,0,0,0,0,0,0,0,0
-0.4465899,12.85976,0.8494,-0.1018139,0.4641899,0.8798648,上半身,下半身,上半身,下半身,0.6317846,0.3326009,0.03561456,0,False,0,0,0,0,0,0,0,0,0
-6.125191E-14,12.66413,0.9698119,0,0.4506307,0.8927105,上半身,下半身,,,0.5384909,0.4615091,0,0,False,0,0,0,0,0,0,0,0,0
-7.295106E-14,12.85976,0.8671548,-1.186332E-09,0.4565909,0.8896767,上半身,下半身,上半身,下半身,0.6417181,0.3315633,0.02671855,0,False,0,0,0,0,0,0,0,0,0
-0.8022084,13.15339,0.6195304,-0.3554598,0.4648199,0.8109199,上半身,下半身,上半身,下半身,0.6769055,0.1733883,0.1497063,0,False,0,0,0,0,0,0,0,0,0
-0.906337,13.15534,0.5437893,-0.5337989,0.4843967,0.6931221,上半身,下半身,上半身,下半身,0.7082627,0.1991302,0.09260701,0,False,0,0,0,0,0,0,0,0,0
-0.4040994,13.15339,0.7035214,-0.1096765,0.454395,0.8840228,上半身,下半身,上半身,下半身,0.6350042,0.2372473,0.1277485,0,False,0,0,0,0,0,0,0,0,0
-7.151683E-14,13.15339,0.7201405,-5.932989E-10,0.447829,0.8941191,上半身,下半身,上半身,下半身,0.6290379,0.2289921,0.1419699,0,False,0,0,0,0,0,0,0,0,0
-0.9667788,12.46851,0.9243455,-0.4300268,0.4072165,0.8057616,下半身,上半身,,,0.6379797,0.3620203,0,0,False,0,0,0,0,0,0,0,0,0
-0.8708016,12.46847,0.9632853,-0.2747169,0.4147814,0.8674601,下半身,上半身,,,0.6230564,0.3769436,0,0,False,0,0,0,0,0,0,0,0,0
-0.5011937,12.46851,1.04428,-0.1120764,0.4407724,0.8905945,下半身,上半身,,,0.6010224,0.3989776,0,0,False,0,0,0,0,0,0,0,0,0
-4.846625E-14,12.46851,1.064935,0,0.4404792,0.8977628,下半身,上半身,,,0.5740749,0.4259251,0,0,False,0,0,0,0,0,0,0,0,0
-1.19101,13.25102,0.1283366,-0.8080294,0.4816365,0.3392856,上半身,上半身,下半身,下半身,0.7373617,0.1559319,0.1067063,0,False,0,0,0,0,0,0,0,0,0
-1.245912,13.25102,-0.1837005,-0.9054316,0.4244896,-0.001510958,上半身,上半身,下半身,下半身,0.7370718,0.1628443,0.1000839,0,False,0,0,0,0,0,0,0,0,0
-1.297235,13.15339,-0.158438,-0.889618,0.4567051,-0.0003337774,上半身,下半身,上半身,下半身,0.7857328,0.1385977,0.07566949,0,False,0,0,0,0,0,0,0,0,0
-1.240202,13.15339,0.1625753,-0.7951445,0.5067871,0.3330344,上半身,下半身,上半身,下半身,0.7786068,0.1518578,0.06953536,0,False,0,0,0,0,0,0,0,0,0
-1.005998,13.25102,0.3881697,-0.6295515,0.5027025,0.5924146,上半身,上半身,下半身,下半身,0.7241474,0.1494774,0.1263752,0,False,0,0,0,0,0,0,0,0,0
-1.048007,13.15339,0.4299902,-0.6241716,0.5125821,0.5896349,上半身,下半身,上半身,下半身,0.7418174,0.1846647,0.07351797,0,False,0,0,0,0,0,0,0,0,0
-0.7849419,13.25102,0.5729311,-0.3747053,0.4918666,0.7859153,上半身,上半身,下半身,下半身,0.6927854,0.1606494,0.1465651,0,False,0,0,0,0,0,0,0,0,0
-0.906337,13.15534,0.5437893,-0.5337989,0.4843967,0.6931221,上半身,下半身,上半身,下半身,0.7082627,0.1991302,0.09260701,0,False,0,0,0,0,0,0,0,0,0
-0.4040994,13.15339,0.7035214,-0.1096765,0.454395,0.8840228,上半身,下半身,上半身,下半身,0.6350042,0.2372473,0.1277485,0,False,0,0,0,0,0,0,0,0,0
-0.389972,13.25101,0.6550192,-0.1063903,0.480801,0.8703514,上半身,上半身,下半身,下半身,0.6504158,0.1899901,0.1595941,0,False,0,0,0,0,0,0,0,0,0
-0.8022084,13.15339,0.6195304,-0.3554598,0.4648199,0.8109199,上半身,下半身,上半身,下半身,0.6769055,0.1733883,0.1497063,0,False,0,0,0,0,0,0,0,0,0
-7.151683E-14,13.15339,0.7201405,-5.932989E-10,0.447829,0.8941191,上半身,下半身,上半身,下半身,0.6290379,0.2289921,0.1419699,0,False,0,0,0,0,0,0,0,0,0
-7.310843E-14,13.25102,0.6712607,0,0.4749227,0.8800275,上半身,上半身,下半身,下半身,0.6427711,0.2010681,0.1561608,0,False,0,0,0,0,0,0,0,0,0
1.154996,13.34294,0.09767335,0.8412913,0.4064696,0.3563865,上半身,上半身,下半身,下半身,0.6010284,0.3459015,0.05307007,0,False,0,0,0,0,0,0,0,0,0
1.20814,13.34294,-0.2009884,0.9401633,0.3407035,0.003764546,上半身,上半身,下半身,下半身,0.6086824,0.3380636,0.05325399,0,False,0,0,0,0,0,0,0,0,0
0.9759098,13.34294,0.3460127,0.6490586,0.4520192,0.6118836,上半身,上半身,下半身,下半身,0.6098573,0.334432,0.05571069,0,False,0,0,0,0,0,0,0,0,0
0.7568478,13.34294,0.5247787,0.3756419,0.4820433,0.7915348,上半身,上半身,下半身,下半身,0.601593,0.3175659,0.08084106,0,False,0,0,0,0,0,0,0,0,0
0.3766063,13.34293,0.6019,0.1037468,0.4746818,0.8740216,上半身,上半身,下半身,下半身,0.599237,0.327245,0.07351797,0,False,0,0,0,0,0,0,0,0,0
-6.613118E-14,13.34293,0.6179118,0,0.4704373,0.8824334,上半身,上半身,下半身,下半身,0.5816434,0.3219501,0.0964065,0,False,0,0,0,0,0,0,0,0,0
0.8347132,12.85973,0.7772965,0.3159313,0.4728778,0.8225409,上半身,下半身,上半身,下半身,0.652491,0.3444571,0.003051804,0,False,0,0,0,0,0,0,0,0,0
0.8533284,12.6641,0.8769104,0.2876325,0.4403294,0.8505161,上半身,下半身,,,0.5030137,0.4969863,0,0,False,0,0,0,0,0,0,0,0,0
0.9520414,12.66413,0.8274145,0.4619071,0.4409861,0.7695277,下半身,上半身,,,0.5010757,0.4989243,0,0,False,0,0,0,0,0,0,0,0,0
0.9336576,12.85976,0.7152243,0.4901176,0.465691,0.7368286,上半身,下半身,上半身,下半身,0.6535439,0.3417563,0.004699779,0,False,0,0,0,0,0,0,0,0,0
0.4750551,12.66413,0.9504316,0.102279,0.4535972,0.8853182,上半身,下半身,,,0.5214618,0.4785382,0,0,False,0,0,0,0,0,0,0,0,0
0.4465899,12.85976,0.8494,0.1018139,0.4641899,0.8798646,上半身,下半身,上半身,下半身,0.6455787,0.3356832,0.01873808,0,False,0,0,0,0,0,0,0,0,0
-7.295106E-14,12.85976,0.8671548,-1.186332E-09,0.4565909,0.8896767,上半身,下半身,上半身,下半身,0.6417181,0.3315633,0.02671855,0,False,0,0,0,0,0,0,0,0,0
-6.125191E-14,12.66413,0.9698119,0,0.4506307,0.8927105,上半身,下半身,,,0.5384909,0.4615091,0,0,False,0,0,0,0,0,0,0,0,0
0.8022084,13.15339,0.6195304,0.3554597,0.4648198,0.8109196,上半身,下半身,上半身,下半身,0.6921034,0.2122377,0.09565881,0,False,0,0,0,0,0,0,0,0,0
0.906337,13.15535,0.5437893,0.5337989,0.4843967,0.6931221,上半身,下半身,上半身,下半身,0.7626459,0.1968261,0.04052796,0,False,0,0,0,0,0,0,0,0,0
0.4040994,13.15339,0.7035214,0.1096765,0.4543949,0.8840227,上半身,下半身,上半身,下半身,0.6543679,0.2246586,0.1209735,0,False,0,0,0,0,0,0,0,0,0
-7.151683E-14,13.15339,0.7201405,-5.932989E-10,0.447829,0.8941191,上半身,下半身,上半身,下半身,0.6290379,0.2289921,0.1419699,0,False,0,0,0,0,0,0,0,0,0
0.8708016,12.46847,0.9632853,0.2747169,0.4147814,0.8674601,下半身,上半身,,,0.6230564,0.3769436,0,0,False,0,0,0,0,0,0,0,0,0
0.9667788,12.46851,0.9243455,0.4300268,0.4072165,0.8057616,下半身,上半身,,,0.6379797,0.3620203,0,0,False,0,0,0,0,0,0,0,0,0
0.5011937,12.46851,1.04428,0.1120764,0.4407724,0.8905945,下半身,上半身,,,0.6010224,0.3989776,0,0,False,0,0,0,0,0,0,0,0,0
-4.846625E-14,12.46851,1.064935,0,0.4404792,0.8977628,下半身,上半身,,,0.5740749,0.4259251,0,0,False,0,0,0,0,0,0,0,0,0
1.297235,13.15339,-0.158438,0.889618,0.4567051,-0.0003337774,上半身,下半身,上半身,下半身,0.7924163,0.1355306,0.0720531,0,False,0,0,0,0,0,0,0,0,0
1.245912,13.25102,-0.1837005,0.9054316,0.4244896,-0.00151096,上半身,上半身,下半身,下半身,0.7386587,0.1670405,0.09430075,0,False,0,0,0,0,0,0,0,0,0
1.19101,13.25102,0.1283366,0.8080294,0.4816366,0.3392856,上半身,上半身,下半身,下半身,0.7346873,0.1694235,0.09588916,0,False,0,0,0,0,0,0,0,0,0
1.240202,13.15339,0.1625753,0.7951446,0.5067872,0.3330344,上半身,下半身,上半身,下半身,0.7929198,0.1380178,0.06906233,0,False,0,0,0,0,0,0,0,0,0
1.005998,13.25102,0.3881697,0.6295516,0.5027025,0.5924146,上半身,上半身,下半身,下半身,0.7456169,0.1539178,0.1004654,0,False,0,0,0,0,0,0,0,0,0
1.048007,13.15339,0.4299902,0.6241716,0.5125822,0.589635,上半身,下半身,上半身,下半身,0.7739834,0.1519493,0.07406729,0,False,0,0,0,0,0,0,0,0,0
0.7849419,13.25102,0.5729311,0.3747054,0.4918666,0.7859154,上半身,上半身,下半身,下半身,0.6907912,0.1577325,0.1514763,0,False,0,0,0,0,0,0,0,0,0
0.906337,13.15535,0.5437893,0.5337989,0.4843967,0.6931221,上半身,下半身,上半身,下半身,0.7626459,0.1968261,0.04052796,0,False,0,0,0,0,0,0,0,0,0
0.4040994,13.15339,0.7035214,0.1096765,0.4543949,0.8840227,上半身,下半身,上半身,下半身,0.6543679,0.2246586,0.1209735,0,False,0,0,0,0,0,0,0,0,0
0.8022084,13.15339,0.6195304,0.3554597,0.4648198,0.8109196,上半身,下半身,上半身,下半身,0.6921034,0.2122377,0.09565881,0,False,0,0,0,0,0,0,0,0,0
0.389972,13.25101,0.6550192,0.1063903,0.480801,0.8703514,上半身,上半身,下半身,下半身,0.6603647,0.1912871,0.1483482,0,False,0,0,0,0,0,0,0,0,0
-7.151683E-14,13.15339,0.7201405,-5.932989E-10,0.447829,0.8941191,上半身,下半身,上半身,下半身,0.6290379,0.2289921,0.1419699,0,False,0,0,0,0,0,0,0,0,0
-7.310843E-14,13.25102,0.6712607,0,0.4749227,0.8800275,上半身,上半身,下半身,下半身,0.6427711,0.2010681,0.1561608,0,False,0,0,0,0,0,0,0,0,0
-7.148443E-14,13.34294,-1.228409,0,0.02793282,-0.9996098,上半身,上半身,下半身,下半身,0.628748,0.3580377,0.01321431,0,False,0,0,0,0,0,0,0,0,0
-0.376606,13.34294,-1.190624,-0.2233101,0.04793611,-0.973568,上半身,上半身,下半身,下半身,0.6383459,0.349218,0.0124361,0,False,0,0,0,0,0,0,0,0,0
-0.9759102,13.34294,-0.8042497,-0.7885688,0.1876836,-0.585606,上半身,上半身,下半身,下半身,0.5998322,0.3450523,0.05511559,0,False,0,0,0,0,0,0,0,0,0
-1.154996,13.34294,-0.5182772,-0.9003366,0.2657326,-0.3446447,上半身,上半身,下半身,下半身,0.65803,0.250721,0.09124895,0,False,0,0,0,0,0,0,0,0,0
-0.7568484,13.34294,-1.052146,-0.54996,0.1420357,-0.8230249,上半身,上半身,下半身,下半身,0.6270447,0.3386993,0.03425598,0,False,0,0,0,0,0,0,0,0,0
-5.371615E-14,12.66413,-1.244538,0,0.01178153,-0.9999306,下半身,上半身,,,0.5272755,0.4727245,0,0,False,0,0,0,0,0,0,0,0,0
-0.4750545,12.66413,-1.204709,-0.218884,0.03618684,-0.9750797,下半身,上半身,,,0.5100328,0.4899672,0,0,False,0,0,0,0,0,0,0,0,0
-0.4465891,12.85976,-1.202615,-0.2148069,0.04330736,-0.9756959,上半身,下半身,上半身,下半身,0.6465553,0.3265431,0.02690165,0,False,0,0,0,0,0,0,0,0,0
-7.264502E-14,12.85976,-1.241874,5.954068E-10,0.01881307,-0.999823,上半身,下半身,上半身,下半身,0.6387122,0.3272297,0.03405814,0,False,0,0,0,0,0,0,0,0,0
-0.8475437,12.66413,-1.062683,-0.3587151,0.03229057,-0.9328885,上半身,下半身,,,0.6231785,0.3768215,0,0,False,0,0,0,0,0,0,0,0,0
-0.8294318,12.85976,-1.062645,-0.3573282,0.04677632,-0.9328067,上半身,下半身,上半身,下半身,0.7105974,0.283772,0.005630579,0,False,0,0,0,0,0,0,0,0,0
-0.4040989,13.15339,-1.197305,-0.2139197,0.0583666,-0.975106,上半身,下半身,上半身,下半身,0.7164416,0.1530327,0.1305257,0,False,0,0,0,0,0,0,0,0,0
-7.531841E-14,13.15339,-1.23614,1.788531E-09,0.03257818,-0.9994692,上半身,上半身,下半身,下半身,0.6626078,0.2111391,0.1262531,0,False,0,0,0,0,0,0,0,0,0
-0.802209,13.15339,-1.055426,-0.5550357,0.1074231,-0.824861,上半身,下半身,上半身,下半身,0.7491875,0.1671778,0.0836347,0,False,0,0,0,0,0,0,0,0,0
-3.559908E-14,12.46851,-1.24601,0,0.02689876,-0.9996383,下半身,上半身,,,0.6870832,0.3129168,0,0,False,0,0,0,0,0,0,0,0,0
-0.5011932,12.46851,-1.205993,-0.2243622,0.0503309,-0.9732053,下半身,上半身,,,0.6139315,0.3860685,0,0,False,0,0,0,0,0,0,0,0,0
-0.8640743,12.46851,-1.061829,-0.3716492,0.04055964,-0.9274868,下半身,上半身,,,0.5296102,0.4703898,0,0,False,0,0,0,0,0,0,0,0,0
-0.3893058,13.25102,-1.193238,-0.2168564,0.0672712,-0.9738829,上半身,上半身,下半身,下半身,0.7358053,0.196109,0.06808575,0,False,0,0,0,0,0,0,0,0,0
-8.148569E-14,13.25102,-1.231865,0,0.04100958,-0.9991589,上半身,上半身,下半身,下半身,0.7169757,0.2120394,0.07098497,0,False,0,0,0,0,0,0,0,0,0
-7.531841E-14,13.15339,-1.23614,1.788531E-09,0.03257818,-0.9994692,上半身,上半身,下半身,下半身,0.6626078,0.2111391,0.1262531,0,False,0,0,0,0,0,0,0,0,0
-0.4040989,13.15339,-1.197305,-0.2139197,0.0583666,-0.975106,上半身,下半身,上半身,下半身,0.7164416,0.1530327,0.1305257,0,False,0,0,0,0,0,0,0,0,0
-0.780663,13.25102,-1.056869,-0.5516639,0.1467267,-0.821059,上半身,上半身,下半身,下半身,0.7232734,0.1883602,0.08836634,0,False,0,0,0,0,0,0,0,0,0
-0.802209,13.15339,-1.055426,-0.5550357,0.1074231,-0.824861,上半身,下半身,上半身,下半身,0.7491875,0.1671778,0.0836347,0,False,0,0,0,0,0,0,0,0,0
-1.005999,13.25102,-0.7998742,-0.7705809,0.2481495,-0.5870493,上半身,上半身,下半身,下半身,0.7093614,0.18056,0.1100786,0,False,0,0,0,0,0,0,0,0,0
-1.048008,13.15339,-0.7916881,-0.7550974,0.2526692,-0.6049678,上半身,下半身,上半身,下半身,0.7540551,0.1579461,0.08799878,0,False,0,0,0,0,0,0,0,0,0
-1.19101,13.25102,-0.50744,-0.8737512,0.3447548,-0.3430791,上半身,上半身,下半身,下半身,0.7184973,0.1764885,0.1050142,0,False,0,0,0,0,0,0,0,0,0
-1.240202,13.15339,-0.492885,-0.8630905,0.3706972,-0.3430136,上半身,下半身,上半身,下半身,0.7722591,0.1487449,0.07899596,0,False,0,0,0,0,0,0,0,0,0
0.376606,13.34294,-1.190624,0.2233101,0.04793611,-0.973568,上半身,上半身,下半身,下半身,0.6246738,0.3617609,0.01356527,0,False,0,0,0,0,0,0,0,0,0
1.154996,13.34294,-0.5182772,0.9003366,0.2657326,-0.3446447,上半身,上半身,下半身,下半身,0.6068818,0.3407645,0.0523537,0,False,0,0,0,0,0,0,0,0,0
0.9759102,13.34294,-0.8042498,0.788139,0.1868558,-0.5864486,上半身,上半身,下半身,下半身,0.5894713,0.3605097,0.05001907,0,False,0,0,0,0,0,0,0,0,0
0.8663793,13.34294,-0.9281976,0.734841,0.1764857,-0.6548751,上半身,上半身,下半身,下半身,0.5755245,0.3742733,0.05020218,0,False,0,0,0,0,0,0,0,0,0
0.7568484,13.34294,-1.052146,0.5534664,0.1482623,-0.819569,上半身,上半身,下半身,下半身,0.7939727,0.1429923,0.06303502,0,False,0,0,0,0,0,0,0,0,0
0.4465891,12.85976,-1.202615,0.2148069,0.04330736,-0.9756959,上半身,下半身,上半身,下半身,0.6580606,0.3198901,0.02204929,0,False,0,0,0,0,0,0,0,0,0
0.4750545,12.66413,-1.204709,0.218884,0.03618684,-0.9750797,上半身,下半身,,,0.5294423,0.4705577,0,0,False,0,0,0,0,0,0,0,0,0
0.8294318,12.85976,-1.062645,0.3573282,0.04677632,-0.9328068,上半身,下半身,上半身,下半身,0.6704611,0.3138066,0.01573229,0,False,0,0,0,0,0,0,0,0,0
0.8475437,12.66413,-1.062683,0.3587151,0.03229057,-0.9328884,上半身,下半身,,,0.5854887,0.4145113,0,0,False,0,0,0,0,0,0,0,0,0
0.4040989,13.15339,-1.197305,0.2139196,0.05836659,-0.9751059,上半身,下半身,上半身,下半身,0.7437857,0.1487297,0.1074845,0,False,0,0,0,0,0,0,0,0,0
0.802209,13.15339,-1.055426,0.5550357,0.1074231,-0.824861,上半身,下半身,上半身,下半身,0.7505913,0.1584497,0.09095903,0,False,0,0,0,0,0,0,0,0,0
0.5011932,12.46851,-1.205993,0.226887,0.0484224,-0.9727166,下半身,上半身,,,0.6139315,0.3860685,0,0,False,0,0,0,0,0,0,0,0,0
0.8640743,12.46851,-1.061829,0.3693159,0.03657931,-0.9285837,下半身,上半身,,,0.5315328,0.4684672,0,0,False,0,0,0,0,0,0,0,0,0
0.3893058,13.25102,-1.193238,0.2168563,0.06727119,-0.9738829,上半身,上半身,下半身,下半身,0.7093614,0.2178225,0.07281605,0,False,0,0,0,0,0,0,0,0,0
0.4040989,13.15339,-1.197305,0.2139196,0.05836659,-0.9751059,上半身,下半身,上半身,下半身,0.7437857,0.1487297,0.1074845,0,False,0,0,0,0,0,0,0,0,0
0.780663,13.25102,-1.056869,0.5517873,0.1467784,-0.820967,上半身,上半身,下半身,下半身,0.6879835,0.2135805,0.09843595,0,False,0,0,0,0,0,0,0,0,0
0.802209,13.15339,-1.055426,0.5550357,0.1074231,-0.824861,上半身,下半身,上半身,下半身,0.7505913,0.1584497,0.09095903,0,False,0,0,0,0,0,0,0,0,0
1.005999,13.25102,-0.7998742,0.7701941,0.2485095,-0.5874047,上半身,上半身,下半身,下半身,0.6955978,0.2153353,0.08906691,0,False,0,0,0,0,0,0,0,0,0
1.048008,13.15339,-0.7916881,0.7550974,0.2526692,-0.6049678,上半身,下半身,上半身,下半身,0.780911,0.1368276,0.08226138,0,False,0,0,0,0,0,0,0,0,0
1.19101,13.25102,-0.50744,0.873751,0.3447547,-0.3430791,上半身,上半身,下半身,下半身,0.7367361,0.1693599,0.09390402,0,False,0,0,0,0,0,0,0,0,0
1.240202,13.15339,-0.4928849,0.8630906,0.3706973,-0.3430136,上半身,下半身,上半身,下半身,0.775784,0.1533379,0.07087816,0,False,0,0,0,0,0,0,0,0,0
-1.537303,12.66413,-0.03454357,-0.9120882,0.4099926,0.0009906649,上半身,下半身,,,0.5093919,0.4906081,0,0,False,0,0,0,0,0,0,0,0,0
-1.470117,12.66413,0.3252266,-0.8140855,0.4586281,0.3562654,下半身,上半身,,,0.5113451,0.4886549,0,0,False,0,0,0,0,0,0,0,0,0
-1.382028,12.85976,0.2627239,-0.8030752,0.4863929,0.3442269,上半身,下半身,上半身,下半身,0.6647898,0.3296407,0.005569543,0,False,0,0,0,0,0,0,0,0,0
-1.445188,12.85976,-0.0836818,-0.899689,0.4365314,7.413174E-05,上半身,下半身,上半身,下半身,0.6699779,0.3225452,0.007476921,0,False,0,0,0,0,0,0,0,0,0
-1.243706,12.66413,0.6255628,-0.6151677,0.4533772,0.6449944,下半身,上半身,,,0.5430076,0.4569924,0,0,False,0,0,0,0,0,0,0,0,0
-1.169182,12.85976,0.5516056,-0.6118029,0.4842964,0.6254231,上半身,下半身,上半身,下半身,0.6560159,0.3398947,0.004089418,0,False,0,0,0,0,0,0,0,0,0
-1.240202,13.15339,0.1625753,-0.7951445,0.5067871,0.3330344,上半身,下半身,上半身,下半身,0.7786068,0.1518578,0.06953536,0,False,0,0,0,0,0,0,0,0,0
-1.297235,13.15339,-0.158438,-0.889618,0.4567051,-0.0003337774,上半身,下半身,上半身,下半身,0.7857328,0.1385977,0.07566949,0,False,0,0,0,0,0,0,0,0,0
-1.048007,13.15339,0.4299902,-0.6241716,0.5125821,0.5896349,上半身,下半身,上半身,下半身,0.7418174,0.1846647,0.07351797,0,False,0,0,0,0,0,0,0,0,0
-1.62189,12.46851,0.01116278,-0.9284825,0.3713738,0.001317602,下半身,上半身,,,0.5872892,0.4127108,0,0,False,0,0,0,0,0,0,0,0,0
-1.551007,12.46851,0.3828903,-0.8277679,0.4236241,0.3678897,下半身,上半身,,,0.598703,0.401297,0,0,False,0,0,0,0,0,0,0,0,0
-1.312137,12.46851,0.6899233,-0.6201807,0.430289,0.6559171,下半身,上半身,,,0.6417487,0.3582513,0,0,False,0,0,0,0,0,0,0,0,0
-0.906337,13.15534,0.5437893,-0.5337989,0.4843967,0.6931221,上半身,下半身,上半身,下半身,0.7082627,0.1991302,0.09260701,0,False,0,0,0,0,0,0,0,0,0
-0.9336576,12.85976,0.7152243,-0.4901176,0.465691,0.7368287,上半身,下半身,上半身,下半身,0.6490883,0.3441672,0.006744488,0,False,0,0,0,0,0,0,0,0,0
-0.9520414,12.66413,0.8274145,-0.4619071,0.4409861,0.7695277,下半身,上半身,,,0.5456169,0.4543831,0,0,False,0,0,0,0,0,0,0,0,0
-0.9667788,12.46851,0.9243455,-0.4300268,0.4072165,0.8057616,下半身,上半身,,,0.6379797,0.3620203,0,0,False,0,0,0,0,0,0,0,0,0
-1.243706,12.66414,-0.7443414,-0.7248397,0.1868261,-0.6631013,上半身,下半身,,,0.5590295,0.4409705,0,0,False,0,0,0,0,0,0,0,0,0
-1.470117,12.66414,-0.415726,-0.8764035,0.3134814,-0.3655769,上半身,下半身,,,0.5452659,0.4547341,0,0,False,0,0,0,0,0,0,0,0,0
-1.382027,12.85976,-0.4486679,-0.8681433,0.345581,-0.3562321,上半身,下半身,上半身,下半身,0.6701763,0.3231861,0.006637675,0,False,0,0,0,0,0,0,0,0,0
-1.169183,12.85976,-0.7651227,-0.7333198,0.2243424,-0.6418042,上半身,下半身,上半身,下半身,0.6797693,0.3091983,0.01103244,0,False,0,0,0,0,0,0,0,0,0
-0.8827173,12.66413,-1.049272,-0.5138239,0.06092604,-0.8557296,上半身,下半身,,,0.6179141,0.3820859,0,0,False,0,0,0,0,0,0,0,0,0
-0.8523876,12.85976,-1.053582,-0.536695,0.08696792,-0.8392825,上半身,下半身,,,0.7186084,0.2813916,0,0,False,0,0,0,0,0,0,0,0,0
-1.537303,12.66413,-0.03454357,-0.9120882,0.4099926,0.0009906649,上半身,下半身,,,0.5093919,0.4906081,0,0,False,0,0,0,0,0,0,0,0,0
-1.445188,12.85976,-0.0836818,-0.899689,0.4365314,7.413174E-05,上半身,下半身,上半身,下半身,0.6699779,0.3225452,0.007476921,0,False,0,0,0,0,0,0,0,0,0
-1.240202,13.15339,-0.492885,-0.8630905,0.3706972,-0.3430136,上半身,下半身,上半身,下半身,0.7722591,0.1487449,0.07899596,0,False,0,0,0,0,0,0,0,0,0
-1.048008,13.15339,-0.7916881,-0.7550974,0.2526692,-0.6049678,上半身,下半身,上半身,下半身,0.7540551,0.1579461,0.08799878,0,False,0,0,0,0,0,0,0,0,0
-0.802209,13.15339,-1.055426,-0.5550357,0.1074231,-0.824861,上半身,下半身,上半身,下半身,0.7491875,0.1671778,0.0836347,0,False,0,0,0,0,0,0,0,0,0
-1.312138,12.46851,-0.7205844,-0.7205422,0.1609283,-0.6744782,下半身,上半身,,,0.5374686,0.4625314,0,0,False,0,0,0,0,0,0,0,0,0
-1.551007,12.46851,-0.3813013,-0.884823,0.2800953,-0.3723371,下半身,上半身,,,0.5595636,0.4404364,0,0,False,0,0,0,0,0,0,0,0,0
-1.62189,12.46851,0.01116278,-0.9284825,0.3713738,0.001317602,下半身,上半身,,,0.5872892,0.4127108,0,0,False,0,0,0,0,0,0,0,0,0
-1.297235,13.15339,-0.158438,-0.889618,0.4567051,-0.0003337774,上半身,下半身,上半身,下半身,0.7857328,0.1385977,0.07566949,0,False,0,0,0,0,0,0,0,0,0
-0.8294318,12.85976,-1.062645,-0.3573282,0.04677632,-0.9328067,上半身,下半身,上半身,下半身,0.7105974,0.283772,0.005630579,0,False,0,0,0,0,0,0,0,0,0
-0.8475437,12.66413,-1.062683,-0.3587151,0.03229057,-0.9328885,上半身,下半身,,,0.6231785,0.3768215,0,0,False,0,0,0,0,0,0,0,0,0
-0.8640743,12.46851,-1.061829,-0.3716492,0.04055964,-0.9274868,下半身,上半身,,,0.5296102,0.4703898,0,0,False,0,0,0,0,0,0,0,0,0
-0.9107352,12.46851,-1.043291,-0.5067219,0.06226074,-0.8598585,下半身,上半身,,,0.5029221,0.4970779,0,0,False,0,0,0,0,0,0,0,0,0
1.382028,12.85976,0.2627239,0.8030752,0.4863929,0.3442269,上半身,下半身,上半身,下半身,0.664271,0.3299153,0.005813688,0,False,0,0,0,0,0,0,0,0,0
1.470117,12.66413,0.3252266,0.8140855,0.4586281,0.3562654,下半身,上半身,,,0.5113451,0.4886549,0,0,False,0,0,0,0,0,0,0,0,0
1.537303,12.66413,-0.03454357,0.9120882,0.4099926,0.0009906649,上半身,下半身,,,0.5575036,0.4424964,0,0,False,0,0,0,0,0,0,0,0,0
1.445188,12.85976,-0.0836818,0.899689,0.4365314,7.413174E-05,上半身,下半身,上半身,下半身,0.6977904,0.2934355,0.008774072,0,False,0,0,0,0,0,0,0,0,0
1.169182,12.85976,0.5516056,0.6118029,0.4842964,0.6254231,上半身,下半身,上半身,下半身,0.6550698,0.3377127,0.007217518,0,False,0,0,0,0,0,0,0,0,0
1.243706,12.66413,0.6255628,0.6151677,0.4533772,0.6449944,下半身,上半身,,,0.5430076,0.4569924,0,0,False,0,0,0,0,0,0,0,0,0
1.297235,13.15339,-0.158438,0.889618,0.4567051,-0.0003337774,上半身,下半身,上半身,下半身,0.7924163,0.1355306,0.0720531,0,False,0,0,0,0,0,0,0,0,0
1.240202,13.15339,0.1625753,0.7951446,0.5067872,0.3330344,上半身,下半身,上半身,下半身,0.7929198,0.1380178,0.06906233,0,False,0,0,0,0,0,0,0,0,0
1.048007,13.15339,0.4299902,0.6241716,0.5125822,0.589635,上半身,下半身,上半身,下半身,0.7739834,0.1519493,0.07406729,0,False,0,0,0,0,0,0,0,0,0
1.551007,12.46851,0.3828903,0.8277679,0.4236241,0.3678897,下半身,上半身,,,0.598703,0.401297,0,0,False,0,0,0,0,0,0,0,0,0
1.62189,12.46851,0.01116278,0.9284825,0.3713738,0.001317602,下半身,上半身,,,0.5872892,0.4127108,0,0,False,0,0,0,0,0,0,0,0,0
1.312137,12.46851,0.6899233,0.6201807,0.430289,0.6559171,下半身,上半身,,,0.6417487,0.3582513,0,0,False,0,0,0,0,0,0,0,0,0
0.906337,13.15535,0.5437893,0.5337989,0.4843967,0.6931221,上半身,下半身,上半身,下半身,0.7626459,0.1968261,0.04052796,0,False,0,0,0,0,0,0,0,0,0
0.9336576,12.85976,0.7152243,0.4901176,0.465691,0.7368286,上半身,下半身,上半身,下半身,0.6535439,0.3417563,0.004699779,0,False,0,0,0,0,0,0,0,0,0
0.9520414,12.66413,0.8274145,0.4619071,0.4409861,0.7695277,下半身,上半身,,,0.5010757,0.4989243,0,0,False,0,0,0,0,0,0,0,0,0
0.9667788,12.46851,0.9243455,0.4300268,0.4072165,0.8057616,下半身,上半身,,,0.6379797,0.3620203,0,0,False,0,0,0,0,0,0,0,0,0
1.382027,12.85976,-0.4486679,0.8681431,0.3455809,-0.3562321,上半身,下半身,上半身,下半身,0.716762,0.2740062,0.009231708,0,False,0,0,0,0,0,0,0,0,0
1.470117,12.66414,-0.415726,0.8764035,0.3134814,-0.3655769,上半身,下半身,,,0.6084993,0.3915007,0,0,False,0,0,0,0,0,0,0,0,0
1.243706,12.66414,-0.7443414,0.7248397,0.1868261,-0.6631013,上半身,下半身,,,0.5925536,0.4074464,0,0,False,0,0,0,0,0,0,0,0,0
1.169183,12.85977,-0.7651228,0.7333198,0.2243424,-0.6418042,上半身,下半身,上半身,下半身,0.6956435,0.2948501,0.009506371,0,False,0,0,0,0,0,0,0,0,0
0.8827173,12.66413,-1.049272,0.5138238,0.06092602,-0.8557296,上半身,下半身,,,0.594049,0.405951,0,0,False,0,0,0,0,0,0,0,0,0
0.8523876,12.85976,-1.053582,0.536695,0.08696792,-0.8392825,上半身,下半身,上半身,下半身,0.6936798,0.2901917,0.01612854,0,False,0,0,0,0,0,0,0,0,0
1.048008,13.15339,-0.7916881,0.7550974,0.2526692,-0.6049678,上半身,下半身,上半身,下半身,0.780911,0.1368276,0.08226138,0,False,0,0,0,0,0,0,0,0,0
1.240202,13.15339,-0.4928849,0.8630906,0.3706973,-0.3430136,上半身,下半身,上半身,下半身,0.775784,0.1533379,0.07087816,0,False,0,0,0,0,0,0,0,0,0
0.802209,13.15339,-1.055426,0.5550357,0.1074231,-0.824861,上半身,下半身,上半身,下半身,0.7505913,0.1584497,0.09095903,0,False,0,0,0,0,0,0,0,0,0
1.551007,12.46851,-0.3813013,0.8848233,0.2800957,-0.3723361,下半身,上半身,,,0.5595636,0.4404364,0,0,False,0,0,0,0,0,0,0,0,0
1.312138,12.46851,-0.7205844,0.7207119,0.1612312,-0.6742246,下半身,上半身,,,0.5374686,0.4625314,0,0,False,0,0,0,0,0,0,0,0,0
0.8294318,12.85976,-1.062645,0.3573282,0.04677632,-0.9328068,上半身,下半身,上半身,下半身,0.6704611,0.3138066,0.01573229,0,False,0,0,0,0,0,0,0,0,0
0.8475437,12.66413,-1.062683,0.3587151,0.03229057,-0.9328884,上半身,下半身,,,0.5854887,0.4145113,0,0,False,0,0,0,0,0,0,0,0,0
0.8640743,12.46851,-1.061829,0.3693159,0.03657931,-0.9285837,下半身,上半身,,,0.5315328,0.4684672,0,0,False,0,0,0,0,0,0,0,0,0
0.9107352,12.46851,-1.043291,0.5056042,0.061261,-0.8605879,下半身,上半身,,,0.5125505,0.4874495,0,0,False,0,0,0,0,0,0,0,0,0
-0.6410611,10.63147,1.320001,-0.126259,-0.03530833,0.9913687,qz_5_9,qz_5_8,左足D,右足D,0.8048226,0.1951774,0,0,False,0,0,0,0,0,0,0,0,0
-0.6092525,11.2314,1.351864,-0.1497565,0.01797046,0.9885596,qz_3_9,qz_3_8,右足D,下半身,0.7988713,0.2011287,0,0,False,0,0,0,0,0,0,0,0,0
-1.034423,11.23137,1.245507,-0.3202435,0.05415737,0.9457859,qz_3_9,qz_3_10,右足D,下半身,0.6352392,0.3647608,0,0,False,0,0,0,0,0,0,0,0,0
-1.07296,10.63144,1.23175,-0.2397132,-0.001168469,0.970843,qz_5_9,qz_5_10,右足D,右足D,0.6330814,0.3669186,0,0,False,0,0,0,0,0,0,0,0,0
-1.016916E-16,10.63147,1.346647,0,-0.04624502,0.9989302,qz_5_8,qz_5_7,左足D,右足D,1,0,0,0,False,0,0,0,0,0,0,0,0,0
-6.804752E-17,11.2314,1.382085,1.787288E-09,-0.001344741,0.9999992,qz_3_8,qz_3_7,左足D,右足D,1,0,0,0,False,0,0,0,0,0,0,0,0,0
-0.5785194,11.64641,1.325198,-0.1599157,0.154666,0.9749388,qz_1_9,qz_1_8,左足D,右足D,0.8149303,0.1850697,0,0,False,0,0,0,0,0,0,0,0,0
-0.5433353,12.06142,1.223135,-0.1363699,0.3116538,0.9403591,qz_0_9,qz_0_8,,,0.8197384,0.1802616,0,0,False,0,0,0,0,0,0,0,0,0
-0.9092505,12.06138,1.135248,-0.3213632,0.3074625,0.895652,qz_0_9,qz_0_10,,,0.6394135,0.3605865,0,0,False,0,0,0,0,0,0,0,0,0
-0.9547815,11.64638,1.218005,-0.2785021,0.1634952,0.9464173,qz_2_9,qz_2_10,右足D,右足D,0.6959865,0.3040135,0,0,False,0,0,0,0,0,0,0,0,0
-4.767857E-15,11.64641,1.361835,0,0.1514096,0.9884713,qz_1_8,qz_1_7,左足D,右足D,1,0,0,0,False,0,0,0,0,0,0,0,0,0
-1.875934E-14,12.06142,1.249628,5.957203E-10,0.3195558,0.9475674,qz_0_8,qz_0_7,上半身,下半身,1,0,0,0,False,0,0,0,0,0,0,0,0,0
-0.5245658,12.26496,1.143213,-0.1246047,0.4067334,0.9050092,下半身,上半身,,,0.7195392,0.2804608,0,0,False,0,0,0,0,0,0,0,0,0
-0.8914771,12.26493,1.05656,-0.3027364,0.3912777,0.8690526,下半身,上半身,,,0.7325704,0.2674296,0,0,False,0,0,0,0,0,0,0,0,0
-3.324373E-14,12.26496,1.165735,5.941915E-10,0.4118963,0.9112307,下半身,上半身,,,0.7082933,0.2917067,0,0,False,0,0,0,0,0,0,0,0,0
-1.09974,10.17228,1.223764,-0.192317,-0.002976776,0.9813283,qz_6_9,qz_6_10,右足D,下半身,0.624619,0.375381,0,0,False,0,0,0,0,0,0,0,0,0
-0.6564353,10.17231,1.301895,-0.1112928,-0.0319948,0.9932725,qz_6_9,qz_6_8,右足D,下半身,0.8081875,0.1918125,0,0,False,0,0,0,0,0,0,0,0,0
-4.381557E-17,10.17231,1.329406,1.186855E-09,-0.03761671,0.9992923,qz_6_8,qz_6_7,右足D,左足D,1,0,0,0,False,0,0,0,0,0,0,0,0,0
-0.6602628,10.058,1.297388,-0.109129,-0.03399597,0.9934461,qz_7_9,qz_7_8,右足D,下半身,0.798657,0.201343,0,0,False,0,0,0,0,0,0,0,0,0
-1.838966E-17,10.058,1.325114,-1.185612E-09,-0.03757403,0.9992937,qz_7_8,qz_7_7,右足D,左足D,1,0,0,0,False,0,0,0,0,0,0,0,0,0
-1.101765,10.05797,1.221776,-0.1687848,-0.01415169,0.9855513,qz_7_9,qz_7_10,右足D,下半身,0.6438557,0.3561443,0,0,False,0,0,0,0,0,0,0,0,0
-1.011693,11.8539,1.15023,-0.407606,0.2334239,0.8828197,qz_1_9,qz_1_10,右足D,下半身,0.5398635,0.4601365,0,0,False,0,0,0,0,0,0,0,0,0
-1.023418,11.64638,1.196543,-0.3763976,0.1699748,0.9107322,qz_2_9,qz_2_10,上半身,右足D,0.5885599,0.4114401,0,0,False,0,0,0,0,0,0,0,0,0
-0.9843701,12.26496,1.013579,-0.434764,0.3801718,0.8163636,下半身,上半身,,,0.7181964,0.2818036,0,0,False,0,0,0,0,0,0,0,0,0
-0.9999683,12.06142,1.089372,-0.3053515,0.3222849,0.8960431,qz_0_10,qz_0_9,上半身,下半身,0.5285945,0.4714055,0,0,False,0,0,0,0,0,0,0,0,0
0.6410611,10.63147,1.320001,0.126259,-0.03530832,0.9913687,qz_5_7,qz_5_8,左足D,左足D,0.804823,0.195177,0,0,False,0,0,0,0,0,0,0,0,0
1.07296,10.63144,1.23175,0.2397132,-0.001168469,0.970843,qz_5_7,qz_5_6,下半身,左足D,0.6330811,0.3669189,0,0,False,0,0,0,0,0,0,0,0,0
1.034423,11.23137,1.245507,0.3202435,0.05415738,0.9457859,qz_3_7,qz_3_6,,,0.6352386,0.3647614,0,0,False,0,0,0,0,0,0,0,0,0
0.6092525,11.2314,1.351864,0.1497565,0.01797046,0.9885595,qz_3_7,qz_3_8,左足D,下半身,0.7988718,0.2011282,0,0,False,0,0,0,0,0,0,0,0,0
-1.016916E-16,10.63147,1.346647,0,-0.04624502,0.9989302,qz_5_8,qz_5_7,左足D,右足D,1,0,0,0,False,0,0,0,0,0,0,0,0,0
-6.804752E-17,11.2314,1.382085,1.787288E-09,-0.001344741,0.9999992,qz_3_8,qz_3_7,左足D,右足D,1,0,0,0,False,0,0,0,0,0,0,0,0,0
0.9092505,12.06138,1.135248,0.3213632,0.3074625,0.895652,qz_0_7,qz_0_6,左足D,上半身,0.6394128,0.3605872,0,0,False,0,0,0,0,0,0,0,0,0
0.5433353,12.06142,1.223135,0.1363699,0.3116538,0.9403591,qz_0_7,qz_0_8,上半身,下半身,0.8197389,0.1802611,0,0,False,0,0,0,0,0,0,0,0,0
0.5785194,11.64641,1.325198,0.1599157,0.154666,0.9749387,qz_1_7,qz_1_8,右足D,左足D,0.8149309,0.1850691,0,0,False,0,0,0,0,0,0,0,0,0
0.9547815,11.64638,1.218005,0.2785021,0.1634952,0.9464174,qz_2_7,qz_2_6,上半身,左足D,0.6959859,0.3040141,0,0,False,0,0,0,0,0,0,0,0,0
-1.875934E-14,12.06142,1.249628,5.957203E-10,0.3195558,0.9475674,qz_0_8,qz_0_7,上半身,下半身,1,0,0,0,False,0,0,0,0,0,0,0,0,0
-4.767857E-15,11.64641,1.361835,0,0.1514096,0.9884713,qz_1_8,qz_1_7,左足D,右足D,1,0,0,0,False,0,0,0,0,0,0,0,0,0
0.8914771,12.26493,1.05656,0.3027364,0.3912777,0.8690526,下半身,上半身,,,0.7325704,0.2674296,0,0,False,0,0,0,0,0,0,0,0,0
0.5245658,12.26496,1.143213,0.1246047,0.4067334,0.9050092,下半身,上半身,,,0.7191424,0.2808576,0,0,False,0,0,0,0,0,0,0,0,0
-3.324373E-14,12.26496,1.165735,5.941915E-10,0.4118963,0.9112307,下半身,上半身,,,0.7082933,0.2917067,0,0,False,0,0,0,0,0,0,0,0,0
0.6564353,10.17231,1.301895,0.1112928,-0.03199481,0.9932725,qz_6_7,qz_6_8,右足D,左足D,0.8081879,0.1918121,0,0,False,0,0,0,0,0,0,0,0,0
1.09974,10.17228,1.223764,0.192317,-0.002976775,0.9813283,qz_6_7,qz_6_6,左足D,下半身,0.6246186,0.3753814,0,0,False,0,0,0,0,0,0,0,0,0
-4.381557E-17,10.17231,1.329406,1.186855E-09,-0.03761671,0.9992923,qz_6_8,qz_6_7,右足D,左足D,1,0,0,0,False,0,0,0,0,0,0,0,0,0
-1.838966E-17,10.058,1.325114,-1.185612E-09,-0.03757403,0.9992937,qz_7_8,qz_7_7,右足D,左足D,1,0,0,0,False,0,0,0,0,0,0,0,0,0
0.6602628,10.058,1.297388,0.109129,-0.03399597,0.9934461,qz_7_7,qz_7_8,左足D,下半身,0.7986573,0.2013427,0,0,False,0,0,0,0,0,0,0,0,0
1.101765,10.05797,1.221776,0.1687848,-0.01415169,0.9855513,qz_7_7,qz_7_6,左足D,下半身,0.6438555,0.3561445,0,0,False,0,0,0,0,0,0,0,0,0
1.011693,11.8539,1.15023,0.407606,0.2334239,0.8828197,qz_1_7,qz_1_6,上半身,左足D,0.5398628,0.4601372,0,0,False,0,0,0,0,0,0,0,0,0
1.023418,11.64638,1.196543,0.3763977,0.1699748,0.9107323,qz_2_7,qz_2_6,上半身,左足D,0.5885594,0.4114406,0,0,False,0,0,0,0,0,0,0,0,0
0.9843701,12.26496,1.013579,0.434764,0.3801718,0.8163636,下半身,上半身,,,0.7181964,0.2818036,0,0,False,0,0,0,0,0,0,0,0,0
0.9999683,12.06142,1.089372,0.3053514,0.3222849,0.896043,qz_0_6,qz_0_7,左足D,上半身,0.5285952,0.4714048,0,0,False,0,0,0,0,0,0,0,0,0
-0.6247821,11.23141,-1.141103,-0.2083756,-0.08175651,-0.9746258,qz_3_15,qz_3_0,右足D,下半身,0.8355198,0.1644802,0,0,False,0,0,0,0,0,0,0,0,0
9.097235E-17,11.23141,-1.174863,5.936944E-10,-0.1098399,-0.9939494,qz_3_0,qz_3_15,左足D,操作中心,1,0,0,0,False,0,0,0,0,0,0,0,0,0
7.342142E-17,10.63148,-1.11245,1.188022E-09,-0.1098169,-0.9939519,qz_5_0,qz_5_15,左足D,操作中心,1,0,0,0,False,0,0,0,0,0,0,0,0,0
-0.6832387,10.63148,-1.071671,-0.1679388,-0.07528469,-0.9829186,qz_5_15,qz_5_0,左足D,右足D,0.8632996,0.1367004,0,0,False,0,0,0,0,0,0,0,0,0
-5.03226E-15,11.64641,-1.225991,1.190678E-09,-0.08904818,-0.9960273,qz_1_0,qz_1_15,左足D,右足D,0.9956551,0.004344881,0,0,False,0,0,0,0,0,0,0,0,0
-0.5785186,11.64641,-1.188203,-0.2292985,-0.06040578,-0.97148,qz_1_15,qz_1_0,,,0.8469238,0.1530762,0,0,False,0,0,0,0,0,0,0,0,0
-0.5433351,12.06142,-1.211613,-0.2361869,-0.01859405,-0.9715297,qz_0_15,qz_0_0,,,0.8468371,0.1531629,0,0,False,0,0,0,0,0,0,0,0,0
-2.369341E-14,12.06142,-1.25078,-5.951739E-10,-0.03885723,-0.9992447,qz_0_0,qz_0_15,上半身,下半身,0.9916592,0.008340776,0,0,False,0,0,0,0,0,0,0,0,0
-0.941613,11.64641,-1.033418,-0.3786102,-0.01735686,-0.9253935,qz_2_15,qz_2_14,,,0.6310114,0.3689886,0,0,False,0,0,0,0,0,0,0,0,0
-0.9048167,12.06142,-1.052919,-0.3999059,-0.01257367,-0.9164699,qz_0_15,qz_0_14,,,0.5066864,0.4933136,0,0,False,0,0,0,0,0,0,0,0,0
-0.5245655,12.26496,-1.215157,-0.2299871,0.03369737,-0.9726101,下半身,上半身,,,0.6823835,0.3176165,0,0,False,0,0,0,0,0,0,0,0,0
-2.91158E-14,12.26496,-1.254936,-1.191873E-09,0.01289318,-0.9999169,下半身,上半身,,,0.744976,0.255024,0,0,False,0,0,0,0,0,0,0,0,0
-0.8860501,12.26496,-1.063857,-0.3883469,0.0203531,-0.9212885,下半身,上半身,,,0.649897,0.350103,0,0,False,0,0,0,0,0,0,0,0,0
-0.9799199,11.23141,-1.011498,-0.3373889,-0.02892777,-0.9409208,qz_3_15,qz_3_14,,,0.6369754,0.3630246,0,0,False,0,0,0,0,0,0,0,0,0
1.019891E-16,10.17232,-1.060062,-1.186799E-09,-0.1054591,-0.9944236,qz_6_0,qz_6_15,左足D,右足D,1,0,0,0,False,0,0,0,0,0,0,0,0,0
-0.7055898,10.17232,-1.038082,-0.1357775,-0.06310736,-0.9887275,qz_6_15,qz_6_0,左足D,右足D,0.8710648,0.1289352,0,0,False,0,0,0,0,0,0,0,0,0
1.72958E-16,10.058,-1.047019,0,-0.1091164,-0.9940289,qz_7_0,qz_7_15,左足D,右足D,1,0,0,0,False,0,0,0,0,0,0,0,0,0
-0.7111543,10.058,-1.029719,-0.1337525,-0.06369378,-0.9889658,qz_7_15,qz_7_0,左足D,右足D,0.8594126,0.1405874,0,0,False,0,0,0,0,0,0,0,0,0
-1.066927,10.17232,-0.9504316,-0.2594721,-0.03797131,-0.9650037,qz_6_15,qz_6_14,右足D,下半身,0.6518403,0.3481597,0,0,False,0,0,0,0,0,0,0,0,0
-1.073645,10.058,-0.944396,-0.2614685,-0.03699806,-0.9645025,qz_7_15,qz_7_14,右足D,下半身,0.6774576,0.3225424,0,0,False,0,0,0,0,0,0,0,0,0
-1.035148,10.63148,-0.9746758,-0.2631108,-0.0322805,-0.9642254,qz_5_15,qz_5_14,右足D,右足D,0.6557442,0.3442558,0,0,False,0,0,0,0,0,0,0,0,0
0.6247821,11.23141,-1.141103,0.2083756,-0.08175651,-0.9746258,qz_3_1,qz_3_0,,,0.8355196,0.1644804,0,0,False,0,0,0,0,0,0,0,0,0
0.6832387,10.63148,-1.071671,0.1679388,-0.07528468,-0.9829184,qz_5_1,qz_5_0,右足D,左足D,0.8632993,0.1367007,0,0,False,0,0,0,0,0,0,0,0,0
0.5433351,12.06142,-1.211613,0.2365412,-0.01677405,-0.9714766,qz_0_1,qz_0_0,,,0.8468369,0.1531631,0,0,False,0,0,0,0,0,0,0,0,0
0.5785186,11.64641,-1.188203,0.2288589,-0.06100985,-0.9715459,qz_1_1,qz_1_0,,,0.8469236,0.1530764,0,0,False,0,0,0,0,0,0,0,0,0
0.5245655,12.26496,-1.215157,0.2339757,0.03518574,-0.9716055,下半身,上半身,,,0.6823682,0.3176318,0,0,False,0,0,0,0,0,0,0,0,0
0.8794225,12.1515,-1.064912,0.3946891,-0.00883252,-0.9187723,下半身,上半身,,,0.6965896,0.3034104,0,0,False,0,0,0,0,0,0,0,0,0
0.8970299,12.14587,-1.057458,0.3896711,-0.0135553,-0.9208543,下半身,上半身,,,0.7054704,0.2945296,0,0,False,0,0,0,0,0,0,0,0,0
0.9048167,12.06142,-1.052919,0.4005364,-0.009528136,-0.9162312,qz_0_1,qz_0_2,,,0.5066866,0.4933134,0,0,False,0,0,0,0,0,0,0,0,0
0.941613,11.64641,-1.033418,0.3785944,-0.01818011,-0.925384,qz_2_1,qz_2_2,,,0.6310117,0.3689883,0,0,False,0,0,0,0,0,0,0,0,0
0.9799199,11.23141,-1.011498,0.3373889,-0.02892777,-0.9409208,qz_3_1,qz_3_2,,,0.6369758,0.3630242,0,0,False,0,0,0,0,0,0,0,0,0
0.7055898,10.17232,-1.038082,0.1337489,-0.06144676,-0.9891085,qz_6_1,qz_6_0,左足D,下半身,0.8710645,0.1289355,0,0,False,0,0,0,0,0,0,0,0,0
0.878243,12.33727,-1.063136,0.3810101,0.0452242,-0.9234642,下半身,上半身,,,0.602594,0.397406,0,0,False,0,0,0,0,0,0,0,0,0
0.7111543,10.058,-1.029719,0.1279869,-0.06616154,-0.9895667,qz_7_1,qz_7_0,左足D,下半身,0.8594121,0.1405879,0,0,False,0,0,0,0,0,0,0,0,0
1.073645,10.058,-0.9443958,0.2654092,-0.03671015,-0.9634368,qz_7_1,qz_7_2,,,0.677458,0.322542,0,0,False,0,0,0,0,0,0,0,0,0
0.9302866,10.058,-0.9794355,0.2341667,-0.03931398,-0.9714013,qz_7_1,qz_7_2,,,0.8766909,0.1233091,0,0,False,0,0,0,0,0,0,0,0,0
1.066927,10.17232,-0.9504315,0.2611358,-0.03653438,-0.9646105,qz_6_1,qz_6_2,左足D,下半身,0.6518407,0.3481593,0,0,False,0,0,0,0,0,0,0,0,0
1.035148,10.63148,-0.9746757,0.2631108,-0.03228051,-0.9642255,qz_5_1,qz_5_2,左足D,下半身,0.6557446,0.3442554,0,0,False,0,0,0,0,0,0,0,0,0
-1.984637,10.63147,0.6594312,-0.8726918,0.1160418,0.4742821,qz_5_11,qz_5_10,右足D,下半身,0.9904067,0.009593308,0,0,False,0,0,0,0,0,0,0,0,0
-1.885411,11.2314,0.6476704,-0.8687719,0.1959417,0.4547996,qz_3_11,qz_3_10,右足D,右足D,0.9551575,0.04484254,0,0,False,0,0,0,0,0,0,0,0,0
-1.971576,11.23141,0.227903,-0.9801655,0.1976124,0.01500018,qz_3_12,qz_3_11,右足D,右足D,0.639759,0.360241,0,0,False,0,0,0,0,0,0,0,0,0
-2.073359,10.63148,0.2485352,-0.9907066,0.1351347,0.01546374,qz_5_12,qz_5_11,右足D,下半身,0.6895016,0.3104984,0,0,False,0,0,0,0,0,0,0,0,0
-1.678924,10.63147,0.9690802,-0.590417,0.06978286,0.8040759,qz_5_10,qz_5_11,右足D,右足D,0.7347981,0.2652019,0,0,False,0,0,0,0,0,0,0,0,0
-1.59504,11.2314,0.963402,-0.6052485,0.1382982,0.783931,qz_3_10,qz_3_11,右足D,右足D,0.7728747,0.2271253,0,0,False,0,0,0,0,0,0,0,0,0
-1.247612,10.63147,1.181679,-0.358897,0.03598392,0.9326834,qz_5_10,qz_5_9,右足D,右足D,0.618924,0.381076,0,0,False,0,0,0,0,0,0,0,0,0
-1.165248,11.2314,1.187962,-0.4278401,0.08496945,0.8998516,qz_3_10,qz_3_9,右足D,下半身,0.5731483,0.4268517,0,0,False,0,0,0,0,0,0,0,0,0
-1.872122,11.64641,0.177458,-0.9682668,0.2497812,0.008284727,qz_2_12,qz_2_11,右足D,右足D,0.669349,0.330651,0,0,False,0,0,0,0,0,0,0,0,0
-1.790303,11.64641,0.5987045,-0.8643479,0.2750913,0.4209843,qz_2_11,qz_2_10,右足D,右足D,0.944993,0.05500704,0,0,False,0,0,0,0,0,0,0,0,0
-1.68142,12.06142,0.5007543,-0.8582063,0.3346351,0.3892317,qz_0_11,qz_0_10,右足D,上半身,1,0,0,0,False,0,0,0,0,0,0,0,0,0
-1.758263,12.06142,0.1038746,-0.9609665,0.2765887,0.006495694,qz_0_12,qz_0_11,上半身,下半身,0.7367485,0.2632515,0,0,False,0,0,0,0,0,0,0,0,0
-1.514579,11.64641,0.9308311,-0.6108385,0.2388457,0.7548702,qz_2_10,qz_2_11,右足D,右足D,0.8004769,0.1995231,0,0,False,0,0,0,0,0,0,0,0,0
-1.422466,12.06142,0.8339991,-0.6207138,0.3372143,0.707814,qz_0_10,qz_0_11,上半身,下半身,0.7257831,0.2742169,0,0,False,0,0,0,0,0,0,0,0,0
-1.09315,11.64641,1.160116,-0.4681073,0.18727,0.8636004,qz_1_10,qz_1_9,上半身,右足D,0.5686258,0.4313742,0,0,False,0,0,0,0,0,0,0,0,0
-1.02076,12.06142,1.085305,-0.3582052,0.3137707,0.879339,qz_0_10,qz_0_9,上半身,下半身,0.562418,0.437582,0,0,False,0,0,0,0,0,0,0,0,0
-1.623336,12.26496,0.4438498,-0.8445683,0.3782788,0.3789586,下半身,上半身,,,0.7007248,0.2992752,0,0,False,0,0,0,0,0,0,0,0,0
-1.697524,12.26496,0.0570457,-0.9486787,0.316237,0.001748733,下半身,上半身,,,0.6724346,0.3275654,0,0,False,0,0,0,0,0,0,0,0,0
-1.373327,12.26496,0.7656953,-0.6209634,0.4008581,0.6735854,下半身,上半身,,,0.7482262,0.2517738,0,0,False,0,0,0,0,0,0,0,0,0
-0.9843701,12.26496,1.013579,-0.434764,0.3801718,0.8163636,下半身,上半身,,,0.7181964,0.2818036,0,0,False,0,0,0,0,0,0,0,0,0
-2.123298,10.17231,0.2485351,-0.9941228,0.1073469,0.0140196,qz_6_12,qz_6_11,右足D,下半身,0.7365177,0.2634823,0,0,False,0,0,0,0,0,0,0,0,0
-2.031908,10.17231,0.6522608,-0.8701112,0.08259743,0.4858848,qz_6_11,qz_6_10,右足D,下半身,1,0,0,0,False,0,0,0,0,0,0,0,0,0
-1.718939,10.17231,0.9589213,-0.5924935,0.03719253,0.8047161,qz_6_10,qz_6_11,右足D,下半身,0.707706,0.292294,0,0,False,0,0,0,0,0,0,0,0,0
-1.30517,10.17231,1.177871,-0.386665,0.0355101,0.9215364,qz_6_10,qz_6_9,右足D,下半身,0.6612781,0.3387219,0,0,False,0,0,0,0,0,0,0,0,0
-1.728901,10.058,0.9563919,-0.5982001,0.0357349,0.8005494,qz_7_10,qz_7_11,右足D,下半身,0.7178861,0.2821139,0,0,False,0,0,0,0,0,0,0,0,0
-1.319579,10.058,1.176922,-0.4681567,0.04721858,0.8823832,qz_7_10,qz_7_9,右足D,下半身,0.6543809,0.3456191,0,0,False,0,0,0,0,0,0,0,0,0
-2.043677,10.058,0.6504756,-0.8744863,0.08340799,0.477825,qz_7_11,qz_7_10,右足D,下半身,1,0,0,0,False,0,0,0,0,0,0,0,0,0
-2.135731,10.058,0.2485352,-0.9940416,0.1081138,0.013884,qz_7_12,qz_7_11,右足D,下半身,0.7663813,0.2336187,0,0,False,0,0,0,0,0,0,0,0,0
-1.07296,10.63144,1.23175,-0.2397132,-0.001168469,0.970843,qz_5_9,qz_5_10,右足D,右足D,0.6330814,0.3669186,0,0,False,0,0,0,0,0,0,0,0,0
-1.034423,11.23137,1.245507,-0.3202435,0.05415737,0.9457859,qz_3_9,qz_3_10,右足D,下半身,0.6352392,0.3647608,0,0,False,0,0,0,0,0,0,0,0,0
-1.165248,11.2314,1.187962,-0.4278401,0.08496945,0.8998516,qz_3_10,qz_3_9,右足D,下半身,0.5731483,0.4268517,0,0,False,0,0,0,0,0,0,0,0,0
-1.247612,10.63147,1.181679,-0.358897,0.03598392,0.9326834,qz_5_10,qz_5_9,右足D,右足D,0.618924,0.381076,0,0,False,0,0,0,0,0,0,0,0,0
-1.09974,10.17228,1.223764,-0.192317,-0.002976776,0.9813283,qz_6_9,qz_6_10,右足D,下半身,0.624619,0.375381,0,0,False,0,0,0,0,0,0,0,0,0
-1.30517,10.17231,1.177871,-0.386665,0.0355101,0.9215364,qz_6_10,qz_6_9,右足D,下半身,0.6612781,0.3387219,0,0,False,0,0,0,0,0,0,0,0,0
-0.9843701,12.26496,1.013579,-0.434764,0.3801718,0.8163636,下半身,上半身,,,0.7181964,0.2818036,0,0,False,0,0,0,0,0,0,0,0,0
-1.02076,12.06142,1.085305,-0.3582052,0.3137707,0.879339,qz_0_10,qz_0_9,上半身,下半身,0.562418,0.437582,0,0,False,0,0,0,0,0,0,0,0,0
-0.9999683,12.06142,1.089372,-0.3053515,0.3222849,0.8960431,qz_0_10,qz_0_9,上半身,下半身,0.5285945,0.4714055,0,0,False,0,0,0,0,0,0,0,0,0
-1.09315,11.64641,1.160116,-0.4681073,0.18727,0.8636004,qz_1_10,qz_1_9,上半身,右足D,0.5686258,0.4313742,0,0,False,0,0,0,0,0,0,0,0,0
-1.011693,11.8539,1.15023,-0.407606,0.2334239,0.8828197,qz_1_9,qz_1_10,右足D,下半身,0.5398635,0.4601365,0,0,False,0,0,0,0,0,0,0,0,0
-1.023418,11.64638,1.196543,-0.3763976,0.1699748,0.9107322,qz_2_9,qz_2_10,上半身,右足D,0.5885599,0.4114401,0,0,False,0,0,0,0,0,0,0,0,0
-1.885409,11.23141,-0.2497868,-0.9049374,0.1569839,-0.3955305,qz_3_13,qz_3_12,右足D,下半身,0.5785116,0.4214884,0,0,False,0,0,0,0,0,0,0,0,0
-1.595041,11.23141,-0.6316701,-0.6895714,0.09613252,-0.717809,qz_3_13,qz_3_14,右足D,下半身,0.5135193,0.4864807,0,0,False,0,0,0,0,0,0,0,0,0
-1.678316,10.63148,-0.6261048,-0.6770338,0.06495138,-0.7330803,qz_5_14,qz_5_13,下半身,右足D,0.5642741,0.4357259,0,0,False,0,0,0,0,0,0,0,0,0
-1.983846,10.63148,-0.2286785,-0.9081884,0.1094083,-0.4040098,qz_5_13,qz_5_12,右足D,右足D,0.655926,0.344074,0,0,False,0,0,0,0,0,0,0,0,0
-1.035148,10.63148,-0.9746758,-0.2631108,-0.0322805,-0.9642254,qz_5_15,qz_5_14,右足D,右足D,0.6557442,0.3442558,0,0,False,0,0,0,0,0,0,0,0,0
-1.222772,10.63148,-0.9240589,-0.4143174,0.004262212,-0.9101225,qz_5_14,qz_5_15,右足D,右足D,0.615724,0.384276,0,0,False,0,0,0,0,0,0,0,0,0
-1.131954,11.23141,-0.9560146,-0.4635149,0.01876977,-0.8858903,qz_3_14,qz_3_15,,,0.6009505,0.3990495,0,0,False,0,0,0,0,0,0,0,0,0
-0.9799199,11.23141,-1.011498,-0.3373889,-0.02892777,-0.9409208,qz_3_15,qz_3_14,,,0.6369754,0.3630246,0,0,False,0,0,0,0,0,0,0,0,0
-1.971576,11.23141,0.227903,-0.9801655,0.1976124,0.01500018,qz_3_12,qz_3_11,右足D,右足D,0.639759,0.360241,0,0,False,0,0,0,0,0,0,0,0,0
-2.073359,10.63148,0.2485352,-0.9907066,0.1351347,0.01546374,qz_5_12,qz_5_11,右足D,下半身,0.6895016,0.3104984,0,0,False,0,0,0,0,0,0,0,0,0
-1.51458,11.64641,-0.6462246,-0.7021901,0.1050021,-0.7042043,qz_1_13,qz_1_14,,,0.6421482,0.3578518,0,0,False,0,0,0,0,0,0,0,0,0
-1.790302,11.64641,-0.2776131,-0.9008486,0.1872468,-0.3916763,qz_2_13,qz_2_12,上半身,下半身,0.5930032,0.4069968,0,0,False,0,0,0,0,0,0,0,0,0
-1.681419,12.06142,-0.3198818,-0.9020543,0.1952889,-0.3849156,qz_0_13,qz_0_12,上半身,下半身,0.524802,0.475198,0,0,False,0,0,0,0,0,0,0,0,0
-1.422467,12.06142,-0.6779428,-0.7149206,0.09881119,-0.6921886,qz_0_13,qz_0_14,上半身,下半身,0.6351784,0.3648216,0,0,False,0,0,0,0,0,0,0,0,0
-1.872122,11.64641,0.177458,-0.9682668,0.2497812,0.008284727,qz_2_12,qz_2_11,右足D,右足D,0.669349,0.330651,0,0,False,0,0,0,0,0,0,0,0,0
-1.758263,12.06142,0.1038746,-0.9609665,0.2765887,0.006495694,qz_0_12,qz_0_11,上半身,下半身,0.7367485,0.2632515,0,0,False,0,0,0,0,0,0,0,0,0
-1.623335,12.26496,-0.3523828,-0.8952945,0.2272755,-0.3831367,下半身,上半身,,,0.6524453,0.3475547,0,0,False,0,0,0,0,0,0,0,0,0
-1.373327,12.26496,-0.7004479,-0.7182523,0.1232778,-0.6847746,下半身,上半身,,,0.6405737,0.3594263,0,0,False,0,0,0,0,0,0,0,0,0
-1.697524,12.26496,0.0570457,-0.9486787,0.316237,0.001748733,下半身,上半身,,,0.6724346,0.3275654,0,0,False,0,0,0,0,0,0,0,0,0
-1.718567,10.17232,-0.6194714,-0.6657887,0.04725748,-0.7446424,qz_6_14,qz_6_13,右足D,右足D,0.5914062,0.4085938,0,0,False,0,0,0,0,0,0,0,0,0
-2.031425,10.17232,-0.2178727,-0.9066395,0.0851844,-0.4132168,qz_6_13,qz_6_12,右足D,右足D,0.6922401,0.3077599,0,0,False,0,0,0,0,0,0,0,0,0
-1.066927,10.17232,-0.9504316,-0.2594721,-0.03797131,-0.9650037,qz_6_15,qz_6_14,右足D,下半身,0.6518403,0.3481597,0,0,False,0,0,0,0,0,0,0,0,0
-1.291794,10.17232,-0.8823309,-0.4152096,-0.01556284,-0.9095927,qz_6_14,qz_6_15,右足D,下半身,0.6716198,0.3283802,0,0,False,0,0,0,0,0,0,0,0,0
-2.123298,10.17231,0.2485351,-0.9941228,0.1073469,0.0140196,qz_6_12,qz_6_11,右足D,下半身,0.7365177,0.2634823,0,0,False,0,0,0,0,0,0,0,0,0
-2.04327,10.058,-0.2151825,-0.9098285,0.08548129,-0.4060853,qz_7_13,qz_7_12,右足D,下半身,0.7588551,0.2411449,0,0,False,0,0,0,0,0,0,0,0,0
-2.135731,10.058,0.2485352,-0.9940416,0.1081138,0.013884,qz_7_12,qz_7_11,右足D,下半身,0.7663813,0.2336187,0,0,False,0,0,0,0,0,0,0,0,0
-1.728588,10.058,-0.61782,-0.669937,0.0485347,-0.7408296,qz_7_14,qz_7_13,右足D,下半身,0.6448966,0.3551034,0,0,False,0,0,0,0,0,0,0,0,0
-0.8860501,12.26496,-1.063857,-0.3883469,0.0203531,-0.9212885,下半身,上半身,,,0.649897,0.350103,0,0,False,0,0,0,0,0,0,0,0,0
-0.9450828,12.26496,-1.039148,-0.506918,0.04136925,-0.861001,下半身,上半身,,,0.629984,0.370016,0,0,False,0,0,0,0,0,0,0,0,0
-0.9048167,12.06142,-1.052919,-0.3999059,-0.01257367,-0.9164699,qz_0_15,qz_0_14,,,0.5066864,0.4933136,0,0,False,0,0,0,0,0,0,0,0,0
-0.9876447,12.06142,-1.016557,-0.5136815,0.01861422,-0.857779,qz_0_14,qz_0_15,,,0.6425252,0.3574748,0,0,False,0,0,0,0,0,0,0,0,0
-0.941613,11.64641,-1.033418,-0.3786102,-0.01735686,-0.9253935,qz_2_15,qz_2_14,,,0.6310114,0.3689886,0,0,False,0,0,0,0,0,0,0,0,0
-1.061244,11.64641,-0.9849486,-0.4921784,0.02225552,-0.8702099,qz_1_14,qz_1_15,,,0.6579877,0.3420123,0,0,False,0,0,0,0,0,0,0,0,0
-1.073645,10.058,-0.944396,-0.2614685,-0.03699806,-0.9645025,qz_7_15,qz_7_14,右足D,下半身,0.6774576,0.3225424,0,0,False,0,0,0,0,0,0,0,0,0
-1.308978,10.058,-0.8719134,-0.4247732,-0.01615848,-0.9051558,qz_7_14,qz_7_15,右足D,下半身,0.656499,0.343501,0,0,False,0,0,0,0,0,0,0,0,0
1.984637,10.63147,0.6594312,0.8726918,0.1160418,0.4742821,qz_5_5,qz_5_6,左足D,下半身,0.990407,0.00959295,0,0,False,0,0,0,0,0,0,0,0,0
2.073359,10.63148,0.2485352,0.9907066,0.1351347,0.01546374,qz_5_4,qz_5_5,左足D,下半身,0.6895023,0.3104977,0,0,False,0,0,0,0,0,0,0,0,0
1.971576,11.23141,0.227903,0.9801655,0.1976124,0.01500018,qz_3_4,qz_3_5,左足D,左足D,0.6397597,0.3602403,0,0,False,0,0,0,0,0,0,0,0,0
1.885411,11.2314,0.6476704,0.8687719,0.1959417,0.4547996,qz_3_5,qz_3_6,左足D,左足D,0.955158,0.044842,0,0,False,0,0,0,0,0,0,0,0,0
1.678924,10.63147,0.9690802,0.590417,0.06978286,0.8040759,qz_5_6,qz_5_5,左足D,左足D,0.7347976,0.2652024,0,0,False,0,0,0,0,0,0,0,0,0
1.59504,11.2314,0.963402,0.6052485,0.1382982,0.783931,qz_3_6,qz_3_5,左足D,左足D,0.7728739,0.2271261,0,0,False,0,0,0,0,0,0,0,0,0
1.247612,10.63147,1.181679,0.3588969,0.03598391,0.9326832,qz_5_6,qz_5_7,下半身,左足D,0.6189244,0.3810756,0,0,False,0,0,0,0,0,0,0,0,0
1.165248,11.2314,1.187962,0.4278402,0.08496945,0.8998514,qz_3_6,qz_3_7,左足D,下半身,0.573149,0.426851,0,0,False,0,0,0,0,0,0,0,0,0
1.68142,12.06142,0.5007543,0.8582063,0.3346351,0.3892317,qz_0_5,qz_0_6,左足D,上半身,1,0,0,0,False,0,0,0,0,0,0,0,0,0
1.790303,11.64641,0.5987045,0.8643479,0.2750913,0.4209843,qz_2_5,qz_2_6,左足D,左足D,0.9449934,0.05500656,0,0,False,0,0,0,0,0,0,0,0,0
1.872122,11.64641,0.177458,0.9682668,0.2497812,0.008284727,qz_2_4,qz_2_5,左足D,左足D,0.6693496,0.3306504,0,0,False,0,0,0,0,0,0,0,0,0
1.758263,12.06142,0.1038746,0.9609664,0.2765887,0.006495693,qz_0_4,qz_0_5,上半身,下半身,0.7367492,0.2632508,0,0,False,0,0,0,0,0,0,0,0,0
1.422466,12.06142,0.8339991,0.6207138,0.3372143,0.707814,qz_0_6,qz_0_5,上半身,下半身,0.7257823,0.2742177,0,0,False,0,0,0,0,0,0,0,0,0
1.514579,11.64641,0.9308311,0.6108385,0.2388457,0.7548702,qz_2_6,qz_2_5,左足D,左足D,0.8004763,0.1995237,0,0,False,0,0,0,0,0,0,0,0,0
1.09315,11.64641,1.160116,0.4681073,0.18727,0.8636003,qz_1_6,qz_1_7,上半身,左足D,0.5686266,0.4313734,0,0,False,0,0,0,0,0,0,0,0,0
1.02076,12.06142,1.085305,0.3582051,0.3137707,0.879339,qz_0_6,qz_0_7,左足D,上半身,0.5624187,0.4375813,0,0,False,0,0,0,0,0,0,0,0,0
1.697524,12.26496,0.0570457,0.9486787,0.316237,0.001748733,下半身,上半身,,,0.6724346,0.3275654,0,0,False,0,0,0,0,0,0,0,0,0
1.623336,12.26496,0.4438498,0.8445683,0.3782788,0.3789586,下半身,上半身,,,0.7007248,0.2992752,0,0,False,0,0,0,0,0,0,0,0,0
1.373327,12.26496,0.7656953,0.6209634,0.4008581,0.6735854,下半身,上半身,,,0.749691,0.250309,0,0,False,0,0,0,0,0,0,0,0,0
0.9843701,12.26496,1.013579,0.434764,0.3801718,0.8163636,下半身,上半身,,,0.7181964,0.2818036,0,0,False,0,0,0,0,0,0,0,0,0
2.031908,10.17231,0.6522608,0.8701112,0.08259743,0.4858848,qz_6_5,qz_6_6,左足D,下半身,1,0,0,0,False,0,0,0,0,0,0,0,0,0
2.123298,10.17231,0.2485351,0.9941228,0.1073469,0.0140196,qz_6_4,qz_6_5,左足D,下半身,0.7365181,0.2634819,0,0,False,0,0,0,0,0,0,0,0,0
1.718939,10.17231,0.9589213,0.5924935,0.03719253,0.8047161,qz_6_6,qz_6_5,左足D,下半身,0.7077055,0.2922945,0,0,False,0,0,0,0,0,0,0,0,0
1.30517,10.17231,1.177871,0.386665,0.0355101,0.9215364,qz_6_6,qz_6_7,左足D,下半身,0.6612784,0.3387216,0,0,False,0,0,0,0,0,0,0,0,0
1.319579,10.058,1.176922,0.4681567,0.04721858,0.8823832,qz_7_6,qz_7_7,左足D,下半身,0.6543813,0.3456187,0,0,False,0,0,0,0,0,0,0,0,0
1.728901,10.058,0.9563919,0.5982001,0.03573489,0.8005494,qz_7_6,qz_7_5,左足D,下半身,0.7178856,0.2821144,0,0,False,0,0,0,0,0,0,0,0,0
2.043677,10.058,0.6504756,0.8744863,0.08340798,0.477825,qz_7_5,qz_7_6,左足D,下半身,1,0,0,0,False,0,0,0,0,0,0,0,0,0
2.135731,10.058,0.2485352,0.9940416,0.1081138,0.013884,qz_7_4,qz_7_5,左足D,下半身,0.7663817,0.2336183,0,0,False,0,0,0,0,0,0,0,0,0
1.07296,10.63144,1.23175,0.2397132,-0.001168469,0.970843,qz_5_7,qz_5_6,下半身,左足D,0.6330811,0.3669189,0,0,False,0,0,0,0,0,0,0,0,0
1.247612,10.63147,1.181679,0.3588969,0.03598391,0.9326832,qz_5_6,qz_5_7,下半身,左足D,0.6189244,0.3810756,0,0,False,0,0,0,0,0,0,0,0,0
1.165248,11.2314,1.187962,0.4278402,0.08496945,0.8998514,qz_3_6,qz_3_7,左足D,下半身,0.573149,0.426851,0,0,False,0,0,0,0,0,0,0,0,0
1.034423,11.23137,1.245507,0.3202435,0.05415738,0.9457859,qz_3_7,qz_3_6,,,0.6352386,0.3647614,0,0,False,0,0,0,0,0,0,0,0,0
1.09974,10.17228,1.223764,0.192317,-0.002976775,0.9813283,qz_6_7,qz_6_6,左足D,下半身,0.6246186,0.3753814,0,0,False,0,0,0,0,0,0,0,0,0
1.30517,10.17231,1.177871,0.386665,0.0355101,0.9215364,qz_6_6,qz_6_7,左足D,下半身,0.6612784,0.3387216,0,0,False,0,0,0,0,0,0,0,0,0
1.02076,12.06142,1.085305,0.3582051,0.3137707,0.879339,qz_0_6,qz_0_7,左足D,上半身,0.5624187,0.4375813,0,0,False,0,0,0,0,0,0,0,0,0
0.9843701,12.26496,1.013579,0.434764,0.3801718,0.8163636,下半身,上半身,,,0.7181964,0.2818036,0,0,False,0,0,0,0,0,0,0,0,0
0.9999683,12.06142,1.089372,0.3053514,0.3222849,0.896043,qz_0_6,qz_0_7,左足D,上半身,0.5285952,0.4714048,0,0,False,0,0,0,0,0,0,0,0,0
1.011693,11.8539,1.15023,0.407606,0.2334239,0.8828197,qz_1_7,qz_1_6,上半身,左足D,0.5398628,0.4601372,0,0,False,0,0,0,0,0,0,0,0,0
1.09315,11.64641,1.160116,0.4681073,0.18727,0.8636003,qz_1_6,qz_1_7,上半身,左足D,0.5686266,0.4313734,0,0,False,0,0,0,0,0,0,0,0,0
1.023418,11.64638,1.196543,0.3763977,0.1699748,0.9107323,qz_2_7,qz_2_6,上半身,左足D,0.5885594,0.4114406,0,0,False,0,0,0,0,0,0,0,0,0
1.678316,10.63148,-0.6261047,0.6770338,0.06495138,-0.7330803,qz_5_2,qz_5_3,下半身,左足D,0.5642745,0.4357255,0,0,False,0,0,0,0,0,0,0,0,0
1.595041,11.23141,-0.6316699,0.6895714,0.09613252,-0.717809,qz_3_3,qz_3_2,左足D,下半身,0.513519,0.486481,0,0,False,0,0,0,0,0,0,0,0,0
1.885409,11.23141,-0.2497868,0.9049374,0.1569839,-0.3955305,qz_3_3,qz_3_4,左足D,下半身,0.5785123,0.4214877,0,0,False,0,0,0,0,0,0,0,0,0
1.983846,10.63148,-0.2286784,0.9081884,0.1094083,-0.4040098,qz_5_3,qz_5_4,左足D,左足D,0.6559267,0.3440733,0,0,False,0,0,0,0,0,0,0,0,0
1.681419,12.06142,-0.3198818,0.9020545,0.1952889,-0.3849157,qz_0_3,qz_0_4,上半身,下半身,0.5248024,0.4751976,0,0,False,0,0,0,0,0,0,0,0,0
1.790302,11.64641,-0.2776131,0.9008486,0.1872468,-0.3916763,qz_2_3,qz_2_4,上半身,下半身,0.5930038,0.4069962,0,0,False,0,0,0,0,0,0,0,0,0
1.51458,11.64641,-0.6462246,0.7036239,0.1036757,-0.7029685,qz_1_3,qz_1_2,左足D,上半身,0.6421479,0.3578521,0,0,False,0,0,0,0,0,0,0,0,0
1.422467,12.06142,-0.6779428,0.7164974,0.1006203,-0.690295,qz_0_3,qz_0_2,上半身,下半身,0.6351782,0.3648218,0,0,False,0,0,0,0,0,0,0,0,0
1.373327,12.26496,-0.7004479,0.7187905,0.1242332,-0.6840369,下半身,上半身,,,0.6421759,0.3578241,0,0,False,0,0,0,0,0,0,0,0,0
1.623335,12.26496,-0.3523828,0.8952945,0.2272755,-0.3831366,下半身,上半身,,,0.6524453,0.3475547,0,0,False,0,0,0,0,0,0,0,0,0
2.031425,10.17232,-0.2178727,0.9066395,0.0851844,-0.4132168,qz_6_3,qz_6_4,左足D,左足D,0.692241,0.307759,0,0,False,0,0,0,0,0,0,0,0,0
1.718567,10.17232,-0.6194713,0.6664584,0.04795068,-0.7439988,qz_6_2,qz_6_3,左足D,左足D,0.5914068,0.4085932,0,0,False,0,0,0,0,0,0,0,0,0
1.066927,10.17232,-0.9504315,0.2611358,-0.03653438,-0.9646105,qz_6_1,qz_6_2,左足D,下半身,0.6518407,0.3481593,0,0,False,0,0,0,0,0,0,0,0,0
1.035148,10.63148,-0.9746757,0.2631108,-0.03228051,-0.9642255,qz_5_1,qz_5_2,左足D,下半身,0.6557446,0.3442554,0,0,False,0,0,0,0,0,0,0,0,0
1.222772,10.63148,-0.9240588,0.4143173,0.004262211,-0.9101224,qz_5_2,qz_5_1,左足D,下半身,0.6157236,0.3842764,0,0,False,0,0,0,0,0,0,0,0,0
1.291794,10.17232,-0.8823308,0.4133373,-0.01392757,-0.9104714,qz_6_2,qz_6_1,左足D,左足D,0.6716194,0.3283806,0,0,False,0,0,0,0,0,0,0,0,0
1.347263,12.35167,-0.7090254,0.7181485,0.1484013,-0.6798822,下半身,上半身,,,0.6405432,0.3594568,0,0,False,0,0,0,0,0,0,0,0,0
2.04327,10.058,-0.2151824,0.9098285,0.08548129,-0.4060853,qz_7_3,qz_7_4,左足D,下半身,0.7588559,0.2411441,0,0,False,0,0,0,0,0,0,0,0,0
1.728588,10.058,-0.61782,0.6712822,0.04867023,-0.7396021,qz_7_2,qz_7_3,左足D,下半身,0.6448972,0.3551028,0,0,False,0,0,0,0,0,0,0,0,0
0.9304518,12.35167,-1.040913,0.5076777,0.05301779,-0.8599142,下半身,上半身,,,0.587808,0.412192,0,0,False,0,0,0,0,0,0,0,0,0
0.878243,12.33727,-1.063136,0.3810101,0.0452242,-0.9234642,下半身,上半身,,,0.602594,0.397406,0,0,False,0,0,0,0,0,0,0,0,0
1.073645,10.058,-0.9443958,0.2654092,-0.03671015,-0.9634368,qz_7_1,qz_7_2,,,0.677458,0.322542,0,0,False,0,0,0,0,0,0,0,0,0
1.308978,10.058,-0.8719133,0.417228,-0.02008122,-0.9085799,qz_7_2,qz_7_1,,,0.6564986,0.3435014,0,0,False,0,0,0,0,0,0,0,0,0
1.003476,12.29514,-0.9895514,0.6018408,0.07822782,-0.7947755,下半身,上半身,,,0.6023957,0.3976043,0,0,False,0,0,0,0,0,0,0,0,0
0.9710726,12.33627,-1.010527,0.6105441,0.06795302,-0.7890616,下半身,上半身,,,0.5877622,0.4122378,0,0,False,0,0,0,0,0,0,0,0,0
1.018159,12.23741,-0.982971,0.6013352,0.0440138,-0.7977836,下半身,上半身,,,0.6521401,0.3478599,0,0,False,0,0,0,0,0,0,0,0,0
1.011489,12.26496,-0.9866276,0.5958852,0.06125323,-0.8007302,下半身,上半身,,,0.6362097,0.3637903,0,0,False,0,0,0,0,0,0,0,0,0
1.022833,11.9553,-0.9962441,0.5610224,0.0152899,-0.8276593,qz_0_2,qz_0_1,,,0.711459,0.288541,0,0,False,0,0,0,0,0,0,0,0,0
1.0022,11.97935,-1.010306,0.5105408,0.004974029,-0.8598391,qz_0_2,qz_0_1,,,0.6701911,0.3298089,0,0,False,0,0,0,0,0,0,0,0,0
0.9876447,12.06142,-1.016557,0.5118123,0.02211798,-0.8588126,qz_0_2,qz_0_1,,,0.642525,0.357475,0,0,False,0,0,0,0,0,0,0,0,0
1.131954,11.23141,-0.9560145,0.4635149,0.01876977,-0.8858903,qz_3_2,qz_3_1,,,0.6009503,0.3990497,0,0,False,0,0,0,0,0,0,0,0,0
1.061244,11.64641,-0.9849486,0.489573,0.01833452,-0.8717696,qz_1_2,qz_1_1,,,0.6579875,0.3420125,0,0,False,0,0,0,0,0,0,0,0,0
1.441269,10.05807,-0.7933046,0.5214841,0.01931379,-0.8530424,qz_7_2,qz_7_1,左足D,下半身,0.8616999,0.1383001,0,0,False,0,0,0,0,0,0,0,0,0
0.9799199,11.23141,-1.011498,0.3373889,-0.02892777,-0.9409208,qz_3_1,qz_3_2,,,0.6369758,0.3630242,0,0,False,0,0,0,0,0,0,0,0,0
0.941613,11.64641,-1.033418,0.3785944,-0.01818011,-0.925384,qz_2_1,qz_2_2,,,0.6310117,0.3689883,0,0,False,0,0,0,0,0,0,0,0,0
0.8878379,11.99496,-1.059791,0.3945188,0.003325403,-0.9188818,qz_0_1,qz_0_2,,,0.5355967,0.4644033,0,0,False,0,0,0,0,0,0,0,0,0
0.9101303,12.00149,-1.050103,0.399123,-0.007694438,-0.9168651,qz_0_2,qz_0_1,,,0.5043674,0.4956326,0,0,False,0,0,0,0,0,0,0,0,0
0.9048167,12.06142,-1.052919,0.4005364,-0.009528136,-0.9162312,qz_0_1,qz_0_2,,,0.5066866,0.4933134,0,0,False,0,0,0,0,0,0,0,0,0
0.9385245,12.00978,-1.037873,0.3983877,0.007467937,-0.9171866,qz_0_2,qz_0_1,,,0.5551911,0.4448089,0,0,False,0,0,0,0,0,0,0,0,0
0.8463612,12.30134,-1.078395,0.3839395,0.03792364,-0.9225791,下半身,上半身,,,0.6306859,0.3693141,0,0,False,0,0,0,0,0,0,0,0,0
0.8365129,12.26498,-1.082867,0.3883095,0.03355893,-0.9209178,下半身,上半身,,,0.6570382,0.3429618,0,0,False,0,0,0,0,0,0,0,0,0
0.9770542,12.1482,-1.020226,0.5353205,0.03351892,-0.8439837,下半身,上半身,,,0.6870375,0.3129625,0,0,False,0,0,0,0,0,0,0,0,0
1.009314,12.18639,-0.9927071,0.602797,0.05510815,-0.7959891,下半身,上半身,,,0.6816816,0.3183184,0,0,False,0,0,0,0,0,0,0,0,0
0.8970299,12.14587,-1.057458,0.3896711,-0.0135553,-0.9208543,下半身,上半身,,,0.7054704,0.2945296,0,0,False,0,0,0,0,0,0,0,0,0
0.9310997,12.13482,-1.042622,0.4127423,-0.007769808,-0.9108147,下半身,上半身,,,0.7054704,0.2945296,0,0,False,0,0,0,0,0,0,0,0,0
0.8453825,12.18904,-1.079728,0.3929557,-0.004927837,-0.9195442,下半身,上半身,,,0.673701,0.326299,0,0,False,0,0,0,0,0,0,0,0,0
0.8311499,12.24442,-1.086524,0.3893076,0.02344246,-0.9208094,下半身,上半身,,,0.6656748,0.3343252,0,0,False,0,0,0,0,0,0,0,0,0
0.8894715,11.80586,-1.057401,0.3903536,-0.02128883,-0.9204188,qz_1_1,qz_1_2,上半身,下半身,0.636429,0.363571,0,0,False,0,0,0,0,0,0,0,0,0
0.928409,11.79533,-1.040416,0.3889668,-0.02351582,-0.9209517,qz_1_1,qz_1_2,上半身,下半身,0.569429,0.430571,0,0,False,0,0,0,0,0,0,0,0,0
0.9876579,11.9952,-1.016596,0.4019758,0.008993277,-0.9156061,qz_0_2,qz_0_1,,,0.6437643,0.3562357,0,0,False,0,0,0,0,0,0,0,0,0
1.025138,11.85,-1.000455,0.4993824,0.03243446,-0.8657743,qz_1_2,qz_1_1,上半身,下半身,0.5952028,0.4047972,0,0,False,0,0,0,0,0,0,0,0,0
0.9876271,11.80757,-1.015742,0.3887816,-0.01720744,-0.9211693,qz_1_2,qz_1_1,上半身,下半身,0.5315869,0.4684131,0,0,False,0,0,0,0,0,0,0,0,0
1.036214,11.90068,-0.9893242,0.5504226,0.05074127,-0.833343,qz_0_2,qz_0_1,上半身,下半身,0.7373552,0.2626448,0,0,False,0,0,0,0,0,0,0,0,0
0.9382759,11.79269,-1.036259,0.3862753,-0.02125869,-0.9221385,qz_1_1,qz_1_2,上半身,下半身,0.5525477,0.4474523,0,0,False,0,0,0,0,0,0,0,0,0
0.928409,11.79533,-1.040416,0.3889668,-0.02351582,-0.9209517,qz_1_1,qz_1_2,上半身,下半身,0.569429,0.430571,0,0,False,0,0,0,0,0,0,0,0,0
0.8534008,11.84598,-1.073535,0.3851726,-0.01813101,-0.9226664,qz_1_1,qz_1_2,上半身,下半身,0.6988861,0.3011139,0,0,False,0,0,0,0,0,0,0,0,0
0.9101303,12.00149,-1.050103,0.399123,-0.007694438,-0.9168651,qz_0_2,qz_0_1,,,0.5043674,0.4956326,0,0,False,0,0,0,0,0,0,0,0,0
0.8386036,11.89908,-1.080478,0.3863541,-0.01093034,-0.9222858,qz_1_1,qz_1_2,上半身,下半身,0.7248756,0.2751244,0,0,False,0,0,0,0,0,0,0,0,0
0.8519165,11.95443,-1.075145,0.3903579,-0.001819712,-0.9206613,qz_1_1,qz_1_2,上半身,下半身,0.7025284,0.2974716,0,0,False,0,0,0,0,0,0,0,0,0
0.9304782,12.24472,-1.044297,0.4779156,0.02609481,-0.878018,下半身,上半身,,,0.6471504,0.3528496,0,0,False,0,0,0,0,0,0,0,0,0
0.8794225,12.1515,-1.064912,0.3946891,-0.00883252,-0.9187723,下半身,上半身,,,0.6965896,0.3034104,0,0,False,0,0,0,0,0,0,0,0,0
0.8453825,12.18904,-1.079728,0.3929557,-0.004927837,-0.9195442,下半身,上半身,,,0.673701,0.326299,0,0,False,0,0,0,0,0,0,0,0,0
0.9310997,12.13482,-1.042622,0.4127423,-0.007769808,-0.9108147,下半身,上半身,,,0.7054704,0.2945296,0,0,False,0,0,0,0,0,0,0,0,0
0.9304782,12.24472,-1.044297,0.4779156,0.02609481,-0.878018,下半身,上半身,,,0.6471504,0.3528496,0,0,False,0,0,0,0,0,0,0,0,0
0.9770542,12.1482,-1.020226,0.5353205,0.03351892,-0.8439837,下半身,上半身,,,0.6870375,0.3129625,0,0,False,0,0,0,0,0,0,0,0,0
0.9310997,12.13482,-1.042622,0.4127423,-0.007769808,-0.9108147,下半身,上半身,,,0.7054704,0.2945296,0,0,False,0,0,0,0,0,0,0,0,0
1.009314,12.18639,-0.9927071,0.602797,0.05510815,-0.7959891,下半身,上半身,,,0.6816816,0.3183184,0,0,False,0,0,0,0,0,0,0,0,0
1.018159,12.23741,-0.982971,0.6013352,0.0440138,-0.7977836,下半身,上半身,,,0.6521401,0.3478599,0,0,False,0,0,0,0,0,0,0,0,0
1.003476,12.29514,-0.9895514,0.6018408,0.07822782,-0.7947755,下半身,上半身,,,0.6023957,0.3976043,0,0,False,0,0,0,0,0,0,0,0,0
1.011489,12.26496,-0.9866276,0.5958852,0.06125323,-0.8007302,下半身,上半身,,,0.6362097,0.3637903,0,0,False,0,0,0,0,0,0,0,0,0
0.9710726,12.33627,-1.010527,0.6105441,0.06795302,-0.7890616,下半身,上半身,,,0.5877622,0.4122378,0,0,False,0,0,0,0,0,0,0,0,0
0.9304518,12.35167,-1.040913,0.5076777,0.05301779,-0.8599142,下半身,上半身,,,0.587808,0.412192,0,0,False,0,0,0,0,0,0,0,0,0
0.878243,12.33727,-1.063136,0.3810101,0.0452242,-0.9234642,下半身,上半身,,,0.602594,0.397406,0,0,False,0,0,0,0,0,0,0,0,0
0.9304518,12.35167,-1.040913,0.5076777,0.05301779,-0.8599142,下半身,上半身,,,0.587808,0.412192,0,0,False,0,0,0,0,0,0,0,0,0
0.8463612,12.30134,-1.078395,0.3839395,0.03792364,-0.9225791,下半身,上半身,,,0.6306859,0.3693141,0,0,False,0,0,0,0,0,0,0,0,0
0.8311499,12.24442,-1.086524,0.3893076,0.02344246,-0.9208094,下半身,上半身,,,0.6656748,0.3343252,0,0,False,0,0,0,0,0,0,0,0,0
0.8365129,12.26498,-1.082867,0.3883095,0.03355893,-0.9209178,下半身,上半身,,,0.6570382,0.3429618,0,0,False,0,0,0,0,0,0,0,0,0
0.939406,11.90158,-1.040293,0.4069121,-0.003584633,-0.9134603,qz_1_1,qz_1_2,上半身,下半身,0.554041,0.445959,0,0,False,0,0,0,0,0,0,0,0,0
0.8894715,11.80586,-1.057401,0.3903536,-0.02128883,-0.9204188,qz_1_1,qz_1_2,上半身,下半身,0.636429,0.363571,0,0,False,0,0,0,0,0,0,0,0,0
0.8534008,11.84598,-1.073535,0.3851726,-0.01813101,-0.9226664,qz_1_1,qz_1_2,上半身,下半身,0.6988861,0.3011139,0,0,False,0,0,0,0,0,0,0,0,0
0.9382759,11.79269,-1.036259,0.3862753,-0.02125869,-0.9221385,qz_1_1,qz_1_2,上半身,下半身,0.5525477,0.4474523,0,0,False,0,0,0,0,0,0,0,0,0
0.928409,11.79533,-1.040416,0.3889668,-0.02351582,-0.9209517,qz_1_1,qz_1_2,上半身,下半身,0.569429,0.430571,0,0,False,0,0,0,0,0,0,0,0,0
0.939406,11.90158,-1.040293,0.4069121,-0.003584633,-0.9134603,qz_1_1,qz_1_2,上半身,下半身,0.554041,0.445959,0,0,False,0,0,0,0,0,0,0,0,0
0.9876271,11.80757,-1.015742,0.3887816,-0.01720744,-0.9211693,qz_1_2,qz_1_1,上半身,下半身,0.5315869,0.4684131,0,0,False,0,0,0,0,0,0,0,0,0
0.9382759,11.79269,-1.036259,0.3862753,-0.02125869,-0.9221385,qz_1_1,qz_1_2,上半身,下半身,0.5525477,0.4474523,0,0,False,0,0,0,0,0,0,0,0,0
1.025138,11.85,-1.000455,0.4993824,0.03243446,-0.8657743,qz_1_2,qz_1_1,上半身,下半身,0.5952028,0.4047972,0,0,False,0,0,0,0,0,0,0,0,0
1.036214,11.90068,-0.9893242,0.5504226,0.05074127,-0.833343,qz_0_2,qz_0_1,上半身,下半身,0.7373552,0.2626448,0,0,False,0,0,0,0,0,0,0,0,0
1.022833,11.9553,-0.9962441,0.5610224,0.0152899,-0.8276593,qz_0_2,qz_0_1,,,0.711459,0.288541,0,0,False,0,0,0,0,0,0,0,0,0
0.9876579,11.9952,-1.016596,0.4019758,0.008993277,-0.9156061,qz_0_2,qz_0_1,,,0.6437643,0.3562357,0,0,False,0,0,0,0,0,0,0,0,0
1.0022,11.97935,-1.010306,0.5105408,0.004974029,-0.8598391,qz_0_2,qz_0_1,,,0.6701911,0.3298089,0,0,False,0,0,0,0,0,0,0,0,0
0.9385245,12.00978,-1.037873,0.3983877,0.007467937,-0.9171866,qz_0_2,qz_0_1,,,0.5551911,0.4448089,0,0,False,0,0,0,0,0,0,0,0,0
0.8878379,11.99496,-1.059791,0.3945188,0.003325403,-0.9188818,qz_0_1,qz_0_2,,,0.5355967,0.4644033,0,0,False,0,0,0,0,0,0,0,0,0
0.9385245,12.00978,-1.037873,0.3983877,0.007467937,-0.9171866,qz_0_2,qz_0_1,,,0.5551911,0.4448089,0,0,False,0,0,0,0,0,0,0,0,0
0.8519165,11.95443,-1.075145,0.3903579,-0.001819712,-0.9206613,qz_1_1,qz_1_2,上半身,下半身,0.7025284,0.2974716,0,0,False,0,0,0,0,0,0,0,0,0
0.8386036,11.89908,-1.080478,0.3863541,-0.01093034,-0.9222858,qz_1_1,qz_1_2,上半身,下半身,0.7248756,0.2751244,0,0,False,0,0,0,0,0,0,0,0,0
